LabVIEW Measurement	
Writer_Version	2
Reader_Version	2
Separator	Tab
Decimal_Separator	.
Multi_Headings	No
X_Columns	One
Time_Pref	Absolute
Operator	admin
Description	Clolumns are: time, Current, Voltage, Power, Battery Temp, and Chamber Temp
Date	2024/06/17
Time	15:57:50.5498118400573730469
***End_of_Header***	
	
Channels	6						
Samples	1	1	1	1	1	1	
Date	2024/06/18	2024/06/18	2024/06/18	2024/06/18	2024/06/18	2024/06/18	
Time	07:45:23.6982464790344238281	07:45:23.7040400505065917969	07:45:23.7080349922180175781	07:45:23.68316650390625	07:45:23.68316650390625	07:45:23.68316650390625	
X_Dimension	Time	Time	Time	Time	Time	Time	
X0	0.0000000000000000E+0	0.0000000000000000E+0	0.0000000000000000E+0	0.0000000000000000E+0	0.0000000000000000E+0	0.0000000000000000E+0	
Delta_X	1.000000	1.000000	1.000000	1.000000	1.000000	1.000000	
***End_of_Header***							
X_Value	Untitled	Untitled 1	Untitled 2	Untitled 3	Untitled 4	Untitled 5	Comment
0.000000	0.021135	4.118600	0.087053	20.800482	0.000155	20.726512
1.003615	-2.998900	4.011100	-12.028000	20.809905	0.000155	20.718390
2.001114	-2.973600	4.006900	-11.914000	20.789271	0.000155	20.734268
3.002937	-3.000300	4.000600	-12.002000	20.811887	0.000152	20.726063
4.008126	-3.008600	3.997700	-12.026000	20.790601	0.000151	20.728011
5.002200	-3.030800	3.994000	-12.104000	20.803893	0.000153	20.718543
6.003461	-2.998700	3.991900	-11.970000	20.806458	0.000151	20.716841
7.005357	-3.010700	3.989100	-12.009000	20.810582	0.000152	20.722388
8.004524	-2.994300	3.987100	-11.938000	20.791658	0.000151	20.731913
9.002175	-2.991600	3.985700	-11.923000	20.812918	0.000151	20.720930
10.001937	-3.002200	3.983000	-11.956000	20.822926	0.000149	20.712920
11.002239	-3.011700	3.980500	-11.988000	20.800759	0.000148	20.718728
12.004737	-2.998500	3.980700	-11.935000	20.822748	0.000148	20.713216
13.004881	-3.019000	3.977900	-12.008000	20.791005	0.000147	20.722725
14.004498	-2.989800	3.978100	-11.893000	20.804858	0.000147	20.731836
15.005746	-2.995700	3.975400	-11.909000	20.795180	0.000145	20.707459
16.008158	-2.993500	3.974500	-11.896000	20.811368	0.000145	20.715113
17.011133	-2.988600	3.973100	-11.872000	20.831368	0.000146	20.722311
18.005274	-2.994900	3.971000	-11.892000	20.822477	0.000144	20.717213
19.008044	-3.039700	3.968500	-12.062000	20.828167	0.000144	20.715790
20.004903	-2.975500	3.969900	-11.812000	20.844364	0.000144	20.723454
21.004185	-3.004700	3.966900	-11.918000	20.830191	0.000141	20.726824
22.009063	-2.980800	3.966900	-11.823000	20.814993	0.000144	20.706883
23.010741	-2.984900	3.965900	-11.837000	20.836905	0.000140	20.716468
24.009726	-3.021000	3.963100	-11.971000	20.828708	0.000142	20.709219
25.008823	-2.999500	3.963000	-11.886000	20.837701	0.000141	20.731489
26.008514	-2.996500	3.962200	-11.872000	20.836998	0.000141	20.717509
27.006276	-3.005600	3.961000	-11.904000	20.825914	0.000141	20.710218
28.009330	-3.007100	3.961000	-11.910000	20.847098	0.000138	20.695365
29.005632	-3.001100	3.959800	-11.883000	20.843152	0.000138	20.713232
30.004925	-3.001400	3.959700	-11.883000	20.843728	0.000138	20.710488
31.008067	-3.021800	3.957400	-11.957000	20.842382	0.000137	20.722419
32.010621	-2.976200	3.958100	-11.780000	20.869270	0.000138	20.699047
33.014834	-3.006500	3.956500	-11.893000	20.853691	0.000136	20.714763
34.011730	-2.989800	3.956800	-11.829000	20.857815	0.000136	20.724577
35.013272	-3.023400	3.954200	-11.955000	20.858111	0.000136	20.704483
36.011909	-3.016600	3.953300	-11.925000	20.863902	0.000135	20.714543
37.013266	-3.012500	3.953000	-11.908000	20.866687	0.000136	20.692196
38.011203	-3.042600	3.951700	-12.020000	20.872147	0.000134	20.705718
39.013520	-3.002400	3.952200	-11.865000	20.878082	0.000132	20.723982
40.010845	-3.004700	3.949900	-11.868000	20.859845	0.000136	20.700053
41.011285	-3.018000	3.950400	-11.921000	20.885693	0.000134	20.691289
42.011875	-3.009400	3.950900	-11.888000	20.894319	0.000134	20.703710
43.014424	-2.991000	3.950600	-11.815000	20.891551	0.000133	20.688612
44.019112	-2.994800	3.948900	-11.826000	20.892779	0.000133	20.697902
45.015625	-2.986500	3.948000	-11.790000	20.897072	0.000132	20.712153
46.015703	-2.990800	3.947700	-11.805000	20.901762	0.000131	20.695505
47.014266	-2.984800	3.946900	-11.779000	20.910465	0.000132	20.705632
48.014370	-2.993800	3.946900	-11.814000	20.918575	0.000132	20.697622
49.016262	-2.980100	3.947100	-11.762000	20.907298	0.000134	20.714320
50.017561	-2.987800	3.945200	-11.787000	20.917382	0.000129	20.685996
51.015948	-2.997400	3.945900	-11.826000	20.917882	0.000129	20.691238
52.023757	-2.994100	3.945400	-11.812000	20.910398	0.000129	20.711730
53.020234	-3.004500	3.943300	-11.847000	20.934230	0.000129	20.682457
54.018989	-3.006200	3.944000	-11.855000	20.941774	0.000128	20.714187
55.018814	-3.007200	3.942000	-11.854000	20.909755	0.000128	20.700655
56.015426	-2.992900	3.943400	-11.801000	20.949910	0.000126	20.672534
57.018128	-2.989100	3.942500	-11.783000	20.944679	0.000127	20.699073
58.016314	-2.986900	3.942500	-11.775000	20.957810	0.000127	20.693714
59.016114	-2.973900	3.941700	-11.721000	20.932235	0.000127	20.712232
60.021425	-2.992900	3.940900	-11.794000	20.949277	0.000125	20.674746
61.019523	-2.986900	3.940600	-11.770000	20.961867	0.000127	20.713419
62.018258	-2.989100	3.940400	-11.777000	20.983675	0.000127	20.676432
63.020054	-3.010800	3.938800	-11.859000	20.949872	0.000128	20.699999
64.020062	-2.993700	3.938300	-11.788000	20.960047	0.000124	20.693580
65.020296	-2.991000	3.938700	-11.780000	20.972122	0.000124	20.687638
66.019563	-3.000500	3.937900	-11.814000	20.978775	0.000125	20.696189
67.018593	-2.986300	3.939100	-11.762000	20.984693	0.000125	20.696893
68.020136	-2.991900	3.936700	-11.777000	20.967687	0.000126	20.672769
69.020425	-3.007900	3.936400	-11.839000	20.971505	0.000125	20.689866
70.022215	-3.004200	3.937200	-11.827000	20.987862	0.000125	20.691527
71.020433	-3.001200	3.937400	-11.815000	21.003185	0.000125	20.703535
72.020789	-2.993200	3.936800	-11.783000	20.988667	0.000123	20.669571
73.025196	-3.006600	3.935200	-11.831000	21.009256	0.000125	20.687320
74.022021	-3.048600	3.934000	-11.991000	20.992164	0.000122	20.700572
75.022714	-3.007300	3.934800	-11.832000	21.007471	0.000122	20.700709
76.025142	-2.998700	3.934600	-11.798000	21.005524	0.000123	20.698287
77.020358	-2.999600	3.935200	-11.802000	21.018654	0.000122	20.701937
78.023067	-3.020200	3.933300	-11.877000	21.010029	0.000122	20.696154
79.026766	-3.010000	3.932600	-11.836000	21.029624	0.000121	20.693943
80.023161	-2.995000	3.932500	-11.777000	21.018435	0.000122	20.693182
81.023053	-3.018200	3.932200	-11.866000	21.041434	0.000123	20.696272
82.026342	-3.030600	3.930700	-11.912000	21.042764	0.000122	20.693335
83.021627	-3.000400	3.933200	-11.800000	21.013271	0.000120	20.679007
84.023044	-3.017500	3.930700	-11.860000	21.043483	0.000123	20.697373
85.021400	-3.013100	3.931200	-11.845000	21.042857	0.000121	20.678727
86.021260	-2.991800	3.930100	-11.758000	21.042831	0.000120	20.700040
87.023312	-2.992000	3.930300	-11.758000	21.050451	0.000122	20.685375
88.021320	-2.993500	3.929800	-11.763000	21.050916	0.000121	20.668294
89.023125	-2.975000	3.930400	-11.692000	21.056451	0.000122	20.697542
90.025338	-3.011200	3.930400	-11.834000	21.066238	0.000122	20.682199
91.019091	-2.998200	3.930200	-11.781000	21.064933	0.000121	20.696068
92.027653	-2.988200	3.930200	-11.743000	21.071570	0.000119	20.649596
93.025181	-2.985200	3.930600	-11.733000	21.075836	0.000121	20.674255
94.020215	-2.996300	3.928100	-11.769000	21.081347	0.000120	20.657954
95.028217	-3.002500	3.928700	-11.796000	21.081805	0.000121	20.686865
96.025072	-3.008700	3.928300	-11.818000	21.076877	0.000118	20.706119
97.024978	-3.008400	3.929100	-11.820000	21.087627	0.000118	20.698379
98.023464	-3.017900	3.927400	-11.851000	21.096812	0.000121	20.673425
99.023183	-2.983300	3.928200	-11.718000	21.105258	0.000120	20.687565
100.025154	-2.978400	3.927700	-11.698000	21.095084	0.000118	20.677861
101.026491	-2.980600	3.926400	-11.702000	21.116991	0.000118	20.680334
102.025504	-2.973000	3.927800	-11.677000	21.104902	0.000120	20.671560
103.029376	-2.980900	3.926900	-11.705000	21.101094	0.000119	20.685770
104.025362	-3.014500	3.926600	-11.835000	21.125336	0.000117	20.678724
105.023861	-2.979200	3.925600	-11.694000	21.110040	0.000119	20.679545
106.030458	-3.016100	3.925100	-11.838000	21.114017	0.000117	20.671194
107.022185	-3.009100	3.925400	-11.811000	21.127197	0.000117	20.687224
108.023740	-3.023200	3.925200	-11.865000	21.121305	0.000119	20.676114
109.028726	-3.016700	3.924100	-11.836000	21.134145	0.000118	20.672836
110.027293	-2.997300	3.925100	-11.765000	21.120872	0.000119	20.693701
111.026831	-2.988900	3.925500	-11.732000	21.118248	0.000116	20.676375
112.025134	-2.993000	3.924700	-11.746000	21.142617	0.000119	20.651910
113.026806	-3.009300	3.924800	-11.809000	21.140568	0.000118	20.677365
114.027724	-3.015900	3.922400	-11.828000	21.144080	0.000115	20.664755
115.026142	-3.007700	3.923400	-11.799000	21.159621	0.000115	20.658015
116.026668	-3.008100	3.922900	-11.799000	21.162541	0.000119	20.673740
117.026417	-3.000500	3.923200	-11.771000	21.143893	0.000116	20.685907
118.024817	-2.997000	3.922700	-11.754000	21.155065	0.000117	20.672900
119.032981	-3.003500	3.922400	-11.779000	21.165815	0.000116	20.675118
120.032551	-3.011100	3.922900	-11.811000	21.165789	0.000117	20.665134
121.030742	-3.010300	3.920800	-11.802000	21.152390	0.000116	20.678285
122.033926	-3.028400	3.920400	-11.872000	21.184317	0.000118	20.688886
123.027202	-3.000900	3.921800	-11.768000	21.181488	0.000116	20.681314
124.030524	-3.010000	3.921700	-11.804000	21.189480	0.000115	20.690257
125.029990	-2.999000	3.922200	-11.761000	21.178619	0.000117	20.671331
126.030946	-2.994800	3.921200	-11.743000	21.203089	0.000115	20.672101
127.035187	-2.982300	3.922300	-11.697000	21.213761	0.000115	20.687520
128.032703	-2.955400	3.922300	-11.591000	21.206270	0.000115	20.675284
129.032754	-2.990900	3.920700	-11.725000	21.198880	0.000116	20.674529
130.029466	-2.997400	3.921000	-11.752000	21.212524	0.000115	20.677747
131.028462	-2.988600	3.921000	-11.717000	21.228420	0.000115	20.680373
132.030046	-3.010400	3.920600	-11.802000	21.204466	0.000117	20.680592
133.032852	-3.014900	3.921000	-11.821000	21.229011	0.000117	20.680490
134.031103	-2.992300	3.921500	-11.733000	21.217264	0.000115	20.667789
135.035575	-2.999700	3.919000	-11.755000	21.219058	0.000114	20.679542
136.032380	-2.986600	3.920000	-11.706000	21.244280	0.000115	20.697663
137.035835	-2.997900	3.919900	-11.751000	21.241758	0.000115	20.692294
138.037362	-2.995800	3.918400	-11.738000	21.226912	0.000114	20.667957
139.035745	-3.004200	3.918900	-11.772000	21.242155	0.000114	20.689373
140.037642	-3.001100	3.918500	-11.758000	21.235917	0.000115	20.666535
141.036806	-3.005100	3.918000	-11.774000	21.251145	0.000114	20.686512
142.036571	-2.999700	3.918900	-11.754000	21.231550	0.000116	20.698679
143.033949	-2.997600	3.918300	-11.745000	21.259218	0.000116	20.670405
144.035762	-2.998400	3.917000	-11.743000	21.262892	0.000117	20.675977
145.035717	-3.003100	3.917100	-11.762000	21.243485	0.000117	20.698764
146.037434	-2.995600	3.917700	-11.734000	21.277805	0.000116	20.698959
147.032345	-3.024700	3.916200	-11.844000	21.279471	0.000114	20.682607
148.033279	-2.998900	3.917900	-11.749000	21.281469	0.000114	20.703099
149.034642	-2.997700	3.917900	-11.744000	21.281444	0.000116	20.679364
150.035741	-3.009100	3.915900	-11.783000	21.271948	0.000115	20.671761
151.035695	-3.019100	3.915100	-11.819000	21.293191	0.000118	20.695859
152.033339	-3.024100	3.915400	-11.840000	21.294816	0.000116	20.688475
153.036153	-3.001600	3.915700	-11.752000	21.306334	0.000115	20.700473
154.040476	-3.006800	3.916500	-11.775000	21.298954	0.000116	20.690245
155.036648	-2.973900	3.915800	-11.644000	21.301289	0.000116	20.689262
156.034722	-3.012000	3.914500	-11.790000	21.315574	0.000116	20.711141
157.038043	-2.996900	3.915200	-11.731000	21.299486	0.000115	20.697889
158.036631	-3.001400	3.914700	-11.749000	21.318866	0.000117	20.696890
159.038198	-2.990900	3.916800	-11.713000	21.321160	0.000114	20.708669
160.038394	-3.005700	3.914100	-11.763000	21.320575	0.000116	20.688167
161.038078	-2.984700	3.915000	-11.685000	21.318138	0.000114	20.722716
162.040682	-2.988800	3.915100	-11.701000	21.328377	0.000118	20.682696
163.039070	-2.967900	3.914600	-11.617000	21.327633	0.000116	20.708506
164.037948	-2.996800	3.913200	-11.726000	21.325371	0.000115	20.702450
165.039702	-2.998400	3.914800	-11.736000	21.337449	0.000118	20.705999
166.039525	-3.023400	3.913500	-11.831000	21.351632	0.000116	20.719241
167.039928	-3.037600	3.913000	-11.885000	21.364081	0.000117	20.713678
168.040781	-2.969000	3.914100	-11.620000	21.340935	0.000117	20.686251
169.040471	-2.997100	3.913000	-11.726000	21.358140	0.000116	20.707259
170.040649	-3.002700	3.913500	-11.750000	21.357055	0.000119	20.699535
171.041222	-3.020000	3.912200	-11.814000	21.367287	0.000116	20.679425
172.040132	-3.010900	3.911800	-11.777000	21.392920	0.000117	20.719773
173.043765	-3.013600	3.911500	-11.786000	21.393512	0.000118	20.721313
174.039202	-3.025000	3.911300	-11.829000	21.378906	0.000119	20.702906
175.038953	-2.996800	3.912100	-11.723000	21.388630	0.000119	20.701254
176.041631	-2.960300	3.912000	-11.580000	21.398531	0.000121	20.699306
177.041772	-2.997800	3.911400	-11.725000	21.382138	0.000120	20.703768
178.044926	-2.981500	3.911800	-11.662000	21.397752	0.000118	20.697104
179.039746	-2.963900	3.912100	-11.593000	21.400019	0.000119	20.717392
180.042630	-3.003600	3.910800	-11.746000	21.410022	0.000118	20.722185
181.043176	-3.009300	3.910500	-11.767000	21.420092	0.000118	20.709500
182.040893	-3.016000	3.910200	-11.793000	21.409793	0.000119	20.711998
183.041534	-3.028600	3.909500	-11.840000	21.414675	0.000118	20.709770
184.049418	-2.989800	3.910300	-11.690000	21.427598	0.000119	20.726494
185.043673	-2.988300	3.910200	-11.684000	21.424704	0.000119	20.702260
186.043226	-3.021700	3.909400	-11.813000	21.423012	0.000119	20.711947
187.043717	-3.002800	3.909900	-11.740000	21.439833	0.000121	20.713605
188.042273	-3.004000	3.907900	-11.738000	21.424153	0.000119	20.710245
189.049985	-3.004500	3.909900	-11.745000	21.441891	0.000119	20.721355
190.042185	-3.000200	3.909500	-11.728000	21.442702	0.000121	20.710786
191.044880	-3.008900	3.910500	-11.765000	21.444032	0.000122	20.698364
192.045542	-3.001500	3.908400	-11.730000	21.462081	0.000119	20.727331
193.048425	-3.005400	3.908200	-11.745000	21.464256	0.000118	20.702954
194.049717	-3.011500	3.909000	-11.771000	21.461454	0.000120	20.739507
195.048325	-3.024200	3.906900	-11.813000	21.460659	0.000120	20.722115
196.047801	-2.958200	3.909700	-11.565000	21.464889	0.000119	20.700742
197.049650	-2.990600	3.908500	-11.687000	21.466530	0.000121	20.719929
198.048182	-2.987100	3.907700	-11.672000	21.464329	0.000120	20.714408
199.055117	-2.982100	3.909200	-11.656000	21.484165	0.000121	20.725721
200.047900	-3.007800	3.907900	-11.754000	21.478791	0.000122	20.732672
201.046996	-2.997800	3.908300	-11.716000	21.483335	0.000120	20.727736
202.053751	-2.982600	3.909300	-11.659000	21.487871	0.000123	20.728955
203.051525	-3.018800	3.906600	-11.793000	21.505114	0.000121	20.704482
204.051414	-2.987700	3.907000	-11.672000	21.491805	0.000122	20.714398
205.049890	-2.998900	3.907800	-11.717000	21.499454	0.000122	20.720155
206.048663	-3.002200	3.906100	-11.725000	21.515683	0.000121	20.743034
207.049873	-2.969900	3.908000	-11.605000	21.483908	0.000123	20.709816
208.049434	-2.982400	3.906700	-11.650000	21.519820	0.000122	20.724888
209.049897	-2.998800	3.906200	-11.712000	21.511637	0.000123	20.717648
210.052685	-3.007500	3.906800	-11.749000	21.530811	0.000124	20.737309
211.050726	-3.016600	3.906600	-11.784000	21.524101	0.000124	20.765683
212.050208	-3.041100	3.904800	-11.873000	21.513718	0.000124	20.719255
213.049487	-2.997000	3.906600	-11.707000	21.528035	0.000125	20.717934
214.052827	-3.017000	3.904700	-11.779000	21.535397	0.000122	20.719137
215.051986	-2.998600	3.905100	-11.709000	21.543096	0.000125	20.746283
216.053885	-3.018000	3.905200	-11.785000	21.551473	0.000125	20.747079
217.054315	-3.003300	3.904400	-11.725000	21.566983	0.000126	20.722769
218.052274	-2.983500	3.905700	-11.650000	21.559646	0.000126	20.736291
219.052597	-2.983400	3.904200	-11.647000	21.561042	0.000126	20.739111
220.053319	-2.967600	3.906200	-11.591000	21.564614	0.000128	20.754539
221.055955	-2.994300	3.904100	-11.689000	21.569082	0.000126	20.742888
222.054815	-3.010800	3.904300	-11.754000	21.559621	0.000127	20.747646
223.051546	-2.984600	3.904200	-11.651000	21.560146	0.000127	20.733945
224.054139	-3.008900	3.905000	-11.749000	21.571340	0.000128	20.751312
225.055624	-2.988100	3.903800	-11.664000	21.588000	0.000128	20.729102
226.056055	-3.012400	3.904600	-11.761000	21.583144	0.000127	20.708120
227.054180	-2.976300	3.903800	-11.618000	21.606886	0.000129	20.742312
228.055621	-3.010700	3.904700	-11.754000	21.589972	0.000128	20.734868
229.058489	-3.023300	3.903600	-11.800000	21.599356	0.000129	20.724344
230.055990	-3.004900	3.903800	-11.729000	21.610575	0.000128	20.753116
231.055701	-2.991800	3.903500	-11.678000	21.612429	0.000130	20.757816
232.057363	-2.999600	3.902800	-11.705000	21.599280	0.000129	20.739916
233.052752	-3.014200	3.903200	-11.764000	21.612267	0.000130	20.742955
234.055545	-2.997200	3.903800	-11.700000	21.630434	0.000130	20.728892
235.054366	-3.014400	3.902400	-11.763000	21.642126	0.000131	20.748654
236.057061	-3.000200	3.901700	-11.704000	21.607166	0.000132	20.762981
237.060307	-2.997700	3.903600	-11.700000	21.641958	0.000132	20.742321
238.056592	-3.011600	3.901600	-11.749000	21.640638	0.000132	20.743371
239.056552	-2.988600	3.902900	-11.663000	21.662382	0.000132	20.741424
240.057440	-3.001000	3.901400	-11.707000	21.635130	0.000133	20.742601
241.057409	-2.993300	3.900500	-11.674000	21.660487	0.000135	20.743321
242.054588	-2.984700	3.899900	-11.640000	21.662780	0.000131	20.784023
243.057028	-2.982600	3.901000	-11.634000	21.655234	0.000131	20.743753
244.053525	-2.978300	3.901600	-11.619000	21.661511	0.000132	20.768528
245.056087	-3.002800	3.900800	-11.712000	21.655040	0.000132	20.772483
246.057581	-3.015900	3.899600	-11.759000	21.658999	0.000134	20.752263
247.058829	-3.006000	3.900000	-11.723000	21.678974	0.000133	20.749020
248.058526	-2.991900	3.900400	-11.669000	21.674685	0.000132	20.755159
249.058117	-3.006700	3.900100	-11.725000	21.684033	0.000132	20.757402
250.054885	-3.001100	3.899900	-11.703000	21.685455	0.000132	20.762618
251.058315	-3.031400	3.898100	-11.815000	21.688348	0.000132	20.768359
252.058992	-2.994300	3.898000	-11.671000	21.691395	0.000135	20.764769
253.061697	-3.010600	3.898900	-11.737000	21.702139	0.000134	20.771255
254.059395	-3.007600	3.899400	-11.727000	21.710009	0.000133	20.767277
255.060305	-3.001100	3.899400	-11.702000	21.691073	0.000136	20.768241
256.059994	-2.981300	3.899600	-11.625000	21.716667	0.000136	20.765880
257.060370	-3.025000	3.898100	-11.791000	21.711522	0.000136	20.766421
258.057802	-3.027900	3.897600	-11.800000	21.711608	0.000134	20.759868
259.065049	-3.012500	3.898200	-11.742000	21.729459	0.000134	20.754974
260.058720	-3.006300	3.897100	-11.714000	21.735424	0.000135	20.764263
261.058748	-3.019300	3.897200	-11.766000	21.733605	0.000136	20.777616
262.060029	-3.019900	3.897900	-11.769000	21.734747	0.000136	20.770698
263.059538	-2.996100	3.897800	-11.677000	21.731329	0.000136	20.774864
264.065331	-2.985400	3.897100	-11.634000	21.743799	0.000137	20.772171
265.062446	-2.987300	3.898400	-11.645000	21.737580	0.000136	20.779223
266.062848	-3.002500	3.897200	-11.700000	21.755135	0.000136	20.775930
267.064045	-2.998000	3.897400	-11.683000	21.767926	0.000136	20.782094
268.064061	-2.974100	3.896700	-11.588000	21.762292	0.000136	20.777877
269.063651	-3.001500	3.897400	-11.697000	21.752740	0.000136	20.778275
270.060133	-2.989500	3.897200	-11.650000	21.742740	0.000137	20.777750
271.061239	-2.992300	3.897300	-11.661000	21.769236	0.000139	20.773448
272.066790	-2.996600	3.896200	-11.675000	21.774025	0.000138	20.778240
273.062635	-2.992500	3.896400	-11.660000	21.773137	0.000139	20.802957
274.060707	-2.987500	3.895800	-11.638000	21.769303	0.000138	20.794852
275.063197	-2.992000	3.897400	-11.660000	21.774988	0.000140	20.777782
276.063759	-3.013500	3.895300	-11.737000	21.773001	0.000142	20.796182
277.066701	-3.017200	3.894400	-11.749000	21.791468	0.000141	20.789534
278.063461	-3.003300	3.895300	-11.698000	21.795630	0.000141	20.772363
279.064269	-2.991200	3.896300	-11.654000	21.808150	0.000142	20.789162
280.068086	-2.995200	3.897200	-11.672000	21.798421	0.000142	20.781321
281.067122	-2.999800	3.895700	-11.685000	21.788075	0.000143	20.785665
282.065709	-2.971400	3.896900	-11.578000	21.797846	0.000144	20.803979
283.070834	-2.990200	3.895000	-11.646000	21.808065	0.000141	20.799982
284.068079	-2.991000	3.895700	-11.651000	21.822877	0.000143	20.784936
285.067280	-3.009700	3.893500	-11.718000	21.832495	0.000143	20.790295
286.071061	-3.007600	3.894200	-11.711000	21.823825	0.000142	20.778772
287.065210	-3.005100	3.894100	-11.702000	21.809604	0.000143	20.792039
288.065072	-2.986500	3.894500	-11.630000	21.839204	0.000144	20.799380
289.069677	-3.016500	3.893000	-11.742000	21.833061	0.000144	20.777585
290.066865	-3.007900	3.894100	-11.712000	21.828155	0.000144	20.784055
291.069049	-2.991600	3.893800	-11.647000	21.829729	0.000145	20.819769
292.070042	-2.995800	3.894200	-11.666000	21.850834	0.000145	20.812444
293.071744	-3.007300	3.893800	-11.709000	21.856274	0.000146	20.799396
294.069464	-3.020300	3.892300	-11.755000	21.853533	0.000145	20.815145
295.072085	-2.996300	3.893200	-11.664000	21.847772	0.000146	20.795154
296.071689	-3.002900	3.892800	-11.688000	21.856341	0.000147	20.798515
297.072936	-2.988200	3.893700	-11.635000	21.874815	0.000146	20.803731
298.071877	-2.994900	3.891400	-11.653000	21.877877	0.000148	20.794467
299.072323	-2.978500	3.892200	-11.592000	21.868209	0.000148	20.794747
300.070765	-2.989500	3.892500	-11.636000	21.894931	0.000147	20.798735
301.073046	-3.005700	3.891800	-11.697000	21.872657	0.000148	20.804415
302.072675	-2.970900	3.893800	-11.567000	21.891360	0.000146	20.793265
303.071295	-3.007900	3.890300	-11.701000	21.885202	0.000146	20.804644
304.073022	-3.005200	3.892100	-11.696000	21.912769	0.000148	20.798573
305.076066	-3.039900	3.891900	-11.829000	21.917827	0.000148	20.796998
306.075277	-3.006300	3.892400	-11.701000	21.904615	0.000148	20.797048
307.077302	-3.009400	3.890000	-11.706000	21.903718	0.000149	20.815117
308.075272	-3.011300	3.891400	-11.718000	21.909097	0.000146	20.819079
309.072212	-3.015800	3.890800	-11.732000	21.914807	0.000148	20.816260
310.075611	-2.993700	3.890600	-11.646000	21.927317	0.000151	20.804600
311.074164	-3.005800	3.890700	-11.694000	21.941359	0.000150	20.820552
312.077363	-3.039500	3.890600	-11.824000	21.923807	0.000150	20.814837
313.076048	-3.004100	3.889900	-11.685000	21.930185	0.000152	20.822169
314.074121	-2.985600	3.890100	-11.612000	21.959823	0.000152	20.827181
315.073378	-2.994900	3.889100	-11.647000	21.949158	0.000153	20.821246
316.076178	-2.998200	3.889400	-11.660000	21.967122	0.000153	20.820737
317.076339	-2.985300	3.889800	-11.611000	21.943388	0.000152	20.827798
318.077958	-2.991900	3.889100	-11.635000	21.951822	0.000152	20.822490
319.075978	-2.979100	3.889700	-11.587000	21.971191	0.000153	20.813905
320.076287	-3.010000	3.888900	-11.704000	21.965212	0.000154	20.832100
321.075958	-3.009400	3.888600	-11.701000	21.960981	0.000155	20.827865
322.076570	-3.003400	3.890300	-11.682000	21.979673	0.000155	20.831404
323.078526	-2.986900	3.889400	-11.616000	21.943251	0.000152	20.828610
324.076990	-3.021800	3.888500	-11.749000	21.970311	0.000155	20.819662
325.075855	-3.028800	3.887300	-11.773000	21.980621	0.000155	20.815283
326.078817	-2.994700	3.888600	-11.644000	21.972864	0.000155	20.836441
327.076873	-3.013100	3.888300	-11.716000	21.993950	0.000157	20.816773
328.076863	-3.014600	3.887000	-11.718000	21.997663	0.000159	20.840403
329.078284	-2.988500	3.888100	-11.618000	21.992243	0.000156	20.830236
330.075467	-2.987800	3.888200	-11.615000	22.005369	0.000156	20.832470
331.076708	-2.984800	3.887400	-11.603000	22.004488	0.000157	20.832063
332.080040	-2.980600	3.887000	-11.585000	22.022564	0.000156	20.851105
333.076577	-3.005900	3.887000	-11.683000	22.016813	0.000158	20.805994
334.080493	-2.992700	3.886300	-11.629000	22.022936	0.000159	20.833460
335.078431	-3.015900	3.887100	-11.722000	22.017236	0.000158	20.843401
336.077601	-2.998900	3.886200	-11.653000	21.997552	0.000159	20.840766
337.079192	-2.997400	3.885500	-11.645000	22.027469	0.000159	20.830412
338.080791	-2.982500	3.886800	-11.591000	22.012938	0.000159	20.821556
339.080419	-3.008200	3.886500	-11.690000	22.018282	0.000160	20.824534
340.080665	-3.000400	3.885400	-11.657000	22.028162	0.000161	20.833950
341.079044	-3.016900	3.884700	-11.719000	22.035283	0.000160	20.810259
342.080614	-2.971700	3.886500	-11.548000	22.044882	0.000161	20.835990
343.080948	-2.973500	3.887100	-11.557000	22.038277	0.000161	20.824636
344.082483	-2.986400	3.885400	-11.602000	22.052283	0.000162	20.839605
345.083043	-2.979600	3.884800	-11.574000	22.036424	0.000162	20.828945
346.081601	-3.009000	3.885300	-11.690000	22.068418	0.000164	20.815456
347.081634	-2.981500	3.885300	-11.583000	22.044187	0.000163	20.836242
348.084829	-3.021600	3.884200	-11.736000	22.078753	0.000165	20.819638
349.081518	-2.991300	3.885200	-11.621000	22.063918	0.000164	20.804312
350.082294	-3.018700	3.884100	-11.724000	22.076782	0.000163	20.821458
351.086996	-2.986500	3.884700	-11.601000	22.067249	0.000165	20.826139
352.085703	-2.987200	3.885300	-11.605000	22.066801	0.000166	20.810044
353.087485	-2.993400	3.883500	-11.625000	22.088731	0.000165	20.810187
354.084756	-2.998900	3.883700	-11.645000	22.075714	0.000165	20.823708
355.083707	-3.004400	3.883900	-11.668000	22.080696	0.000168	20.803565
356.089732	-2.999300	3.884200	-11.649000	22.079587	0.000168	20.805300
357.088337	-3.001100	3.883700	-11.654000	22.074917	0.000168	20.808686
358.085700	-3.025600	3.883100	-11.747000	22.098573	0.000165	20.795384
359.089159	-2.981100	3.882400	-11.573000	22.092280	0.000166	20.795248
360.090211	-3.006000	3.882400	-11.669000	22.109609	0.000167	20.802166
361.094992	-2.986400	3.883700	-11.597000	22.095239	0.000166	20.811013
362.091102	-2.989500	3.882500	-11.606000	22.119816	0.000168	20.817600
363.089081	-2.984500	3.882700	-11.587000	22.104483	0.000168	20.796085
364.093169	-3.008100	3.882100	-11.676000	22.111053	0.000170	20.792706
365.090806	-3.005300	3.882700	-11.667000	22.104346	0.000170	20.822027
366.091209	-3.000200	3.881600	-11.645000	22.113031	0.000169	20.796108
367.094234	-2.995000	3.882100	-11.626000	22.108861	0.000171	20.790985
368.093105	-3.025900	3.881400	-11.743000	22.126105	0.000170	20.803507
369.095074	-3.010400	3.880900	-11.682000	22.124226	0.000170	20.780290
370.093624	-2.977300	3.883300	-11.560000	22.126045	0.000173	20.799180
371.094773	-2.987600	3.882000	-11.596000	22.136938	0.000173	20.794438
372.094743	-2.998300	3.880900	-11.635000	22.132860	0.000173	20.781347
373.094931	-2.976600	3.881200	-11.552000	22.149808	0.000174	20.807324
374.091755	-2.981900	3.880600	-11.570000	22.147997	0.000175	20.786544
375.093073	-3.000500	3.879700	-11.639000	22.164531	0.000176	20.778916
376.095116	-3.010300	3.880700	-11.681000	22.140521	0.000175	20.783801
377.098000	-2.999600	3.879500	-11.636000	22.144377	0.000176	20.785765
378.097444	-3.008700	3.880900	-11.676000	22.166661	0.000175	20.785316
379.095613	-2.976800	3.881200	-11.552000	22.161662	0.000177	20.804019
380.102533	-2.994000	3.879700	-11.615000	22.177096	0.000177	20.782013
381.093610	-3.001200	3.880600	-11.645000	22.160654	0.000178	20.782147
382.094363	-2.997200	3.879800	-11.628000	22.156662	0.000179	20.767719
383.098449	-2.989800	3.881100	-11.603000	22.155919	0.000177	20.794001
384.094605	-2.999600	3.879300	-11.635000	22.172612	0.000177	20.776575
385.097500	-3.002000	3.878800	-11.643000	22.187090	0.000180	20.775898
386.098949	-2.989800	3.879000	-11.596000	22.182379	0.000181	20.778768
387.095747	-2.998100	3.879000	-11.629000	22.178143	0.000180	20.790648
388.103008	-2.984100	3.878400	-11.572000	22.202150	0.000182	20.790028
389.096809	-3.001900	3.878200	-11.640000	22.200704	0.000178	20.760604
390.096462	-2.998700	3.877800	-11.628000	22.211596	0.000180	20.783838
391.095613	-2.999100	3.877100	-11.626000	22.212187	0.000181	20.781586
392.097574	-3.015100	3.877700	-11.690000	22.201642	0.000183	20.790942
393.099635	-3.003000	3.878000	-11.645000	22.201963	0.000182	20.761865
394.100637	-2.996600	3.876000	-11.614000	22.222259	0.000182	20.769385
395.097444	-3.024000	3.876700	-11.722000	22.214959	0.000183	20.773456
396.098423	-2.967800	3.876600	-11.504000	22.192727	0.000183	20.766843
397.099326	-2.979700	3.876200	-11.549000	22.219323	0.000184	20.761229
398.102240	-3.005600	3.877200	-11.652000	22.225969	0.000181	20.785902
399.101955	-3.006600	3.877300	-11.656000	22.209217	0.000186	20.779085
400.103773	-3.021600	3.876000	-11.711000	22.228836	0.000186	20.754158
401.101650	-3.012200	3.876000	-11.675000	22.228303	0.000186	20.763107
402.103731	-2.993100	3.877000	-11.603000	22.242188	0.000186	20.754251
403.105982	-2.990300	3.876600	-11.591000	22.250128	0.000188	20.768839
404.112169	-2.994600	3.875900	-11.606000	22.254940	0.000186	20.759906
405.108323	-2.987000	3.876500	-11.578000	22.260098	0.000186	20.751320
406.106778	-3.005900	3.876900	-11.652000	22.244665	0.000186	20.761472
407.107327	-2.996500	3.876000	-11.613000	22.240276	0.000187	20.749965
408.104646	-2.996600	3.875200	-11.612000	22.229553	0.000188	20.762936
409.107949	-2.993300	3.875800	-11.601000	22.233865	0.000187	20.772945
410.110250	-3.018200	3.874100	-11.692000	22.259437	0.000187	20.746865
411.107947	-3.001600	3.874600	-11.629000	22.267910	0.000187	20.770049
412.109176	-2.996000	3.872800	-11.603000	22.265737	0.000190	20.751277
413.106925	-2.993700	3.874700	-11.599000	22.263191	0.000189	20.747779
414.107358	-2.972600	3.874500	-11.516000	22.259851	0.000190	20.739693
415.107174	-2.987900	3.874400	-11.575000	22.285617	0.000190	20.764070
416.104558	-3.004100	3.874100	-11.638000	22.263335	0.000191	20.755984
417.102224	-3.007700	3.873800	-11.650000	22.297328	0.000192	20.746398
418.106932	-2.993600	3.873900	-11.596000	22.292288	0.000193	20.750361
419.107091	-2.989400	3.874300	-11.581000	22.284914	0.000194	20.746297
420.111780	-3.009800	3.873200	-11.656000	22.284864	0.000191	20.754781
421.109402	-3.007700	3.872800	-11.647000	22.285058	0.000194	20.724154
422.105790	-3.029000	3.871800	-11.726000	22.285245	0.000193	20.723867
423.105229	-3.012100	3.873000	-11.665000	22.292135	0.000195	20.752105
424.104712	-3.022100	3.872400	-11.702000	22.307374	0.000194	20.740810
425.107314	-2.996600	3.871700	-11.601000	22.302324	0.000194	20.744763
426.105477	-2.997600	3.870200	-11.601000	22.302773	0.000194	20.736203
427.105437	-2.999700	3.871200	-11.612000	22.298425	0.000196	20.737540
428.109299	-3.001700	3.871300	-11.620000	22.304759	0.000194	20.739140
429.109190	-3.004900	3.870400	-11.628000	22.314830	0.000194	20.740690
430.107271	-3.002000	3.870900	-11.619000	22.312606	0.000196	20.753636
431.107800	-2.987700	3.870700	-11.564000	22.314017	0.000197	20.732289
432.108233	-3.006300	3.870500	-11.635000	22.316343	0.000195	20.725135
433.107526	-3.003500	3.870600	-11.624000	22.320993	0.000198	20.751129
434.104894	-2.991700	3.870900	-11.580000	22.328637	0.000198	20.745980
435.108727	-3.028400	3.870000	-11.719000	22.353581	0.000196	20.740138
436.112064	-2.990500	3.871900	-11.578000	22.317864	0.000199	20.746098
437.105840	-3.026000	3.868800	-11.706000	22.341362	0.000198	20.748291
438.110260	-3.007000	3.869500	-11.634000	22.338114	0.000198	20.737452
439.108654	-2.984100	3.870100	-11.548000	22.349867	0.000200	20.742109
440.110598	-2.986200	3.870200	-11.557000	22.332871	0.000198	20.724615
441.109868	-2.977700	3.869700	-11.522000	22.329691	0.000199	20.730914
442.114334	-3.008700	3.869200	-11.640000	22.370015	0.000200	20.731464
443.108408	-2.983000	3.869500	-11.540000	22.371147	0.000199	20.738288
444.106595	-2.993200	3.869000	-11.579000	22.356224	0.000200	20.736146
445.111783	-3.004000	3.869100	-11.623000	22.357661	0.000200	20.729998
446.108934	-3.009800	3.868700	-11.644000	22.351445	0.000200	20.727567
447.113918	-2.978900	3.868900	-11.525000	22.354016	0.000203	20.724451
448.113947	-3.002300	3.868300	-11.613000	22.371645	0.000202	20.716499
449.113582	-3.001000	3.867900	-11.606000	22.352205	0.000203	20.728803
450.113554	-2.984900	3.867800	-11.544000	22.390508	0.000202	20.722587
451.111340	-2.983800	3.868400	-11.542000	22.378738	0.000202	20.706532
452.113620	-3.012700	3.867000	-11.649000	22.377038	0.000202	20.723323
453.115038	-2.984800	3.867100	-11.542000	22.365792	0.000203	20.730080
454.112825	-3.006800	3.866500	-11.624000	22.379101	0.000202	20.723492
455.113976	-2.995100	3.866900	-11.581000	22.389881	0.000203	20.728123
456.111425	-3.001300	3.867400	-11.606000	22.358630	0.000204	20.726701
457.112863	-3.013800	3.866200	-11.651000	22.381644	0.000205	20.737420
458.113063	-2.978600	3.866900	-11.517000	22.372251	0.000204	20.706674
459.113078	-3.005300	3.866700	-11.619000	22.388595	0.000203	20.730154
460.113563	-3.001600	3.865200	-11.601000	22.392771	0.000204	20.718689
461.113725	-2.999600	3.867200	-11.599000	22.389025	0.000205	20.709247
462.114512	-2.995800	3.867300	-11.584000	22.408514	0.000206	20.695572
463.119391	-3.007200	3.865400	-11.623000	22.415464	0.000207	20.715809
464.114205	-2.997200	3.866400	-11.588000	22.399813	0.000207	20.698713
465.116193	-3.001800	3.864800	-11.601000	22.406595	0.000207	20.715462
466.118532	-3.009300	3.865000	-11.630000	22.421178	0.000209	20.701616
467.117973	-2.984800	3.866200	-11.538000	22.422818	0.000207	20.709423
468.118978	-2.996800	3.864600	-11.581000	22.421559	0.000210	20.717172
469.121098	-2.996000	3.863300	-11.573000	22.426708	0.000207	20.718534
470.120141	-2.994800	3.863500	-11.570000	22.429743	0.000209	20.733903
471.122009	-2.998100	3.863300	-11.582000	22.425110	0.000209	20.703182
472.121499	-3.010200	3.863100	-11.628000	22.438587	0.000210	20.686331
473.117970	-3.002600	3.862600	-11.597000	22.431780	0.000207	20.703698
474.119603	-3.007700	3.863700	-11.620000	22.423089	0.000208	20.710642
475.121978	-3.009800	3.862700	-11.625000	22.419664	0.000209	20.696780
476.120783	-3.001800	3.862900	-11.595000	22.459563	0.000210	20.697381
477.118171	-3.010100	3.862700	-11.626000	22.438501	0.000210	20.692885
478.118771	-3.004600	3.861200	-11.600000	22.426360	0.000208	20.706331
479.124003	-3.006000	3.862200	-11.609000	22.446627	0.000211	20.711455
480.121737	-2.995500	3.862500	-11.569000	22.445671	0.000212	20.706229
481.118572	-2.997100	3.860700	-11.570000	22.439312	0.000211	20.694645
482.122422	-3.000500	3.861800	-11.586000	22.447759	0.000211	20.712588
483.119779	-3.014900	3.861000	-11.639000	22.451960	0.000212	20.710158
484.127648	-2.992600	3.861200	-11.555000	22.471474	0.000213	20.708837
485.124067	-3.018900	3.860600	-11.654000	22.459443	0.000211	20.690623
486.123610	-3.008500	3.861100	-11.615000	22.460314	0.000213	20.700031
487.123568	-3.031000	3.859800	-11.698000	22.453778	0.000211	20.701072
488.123647	-2.974200	3.861500	-11.484000	22.471668	0.000212	20.697651
489.127075	-2.984400	3.860100	-11.519000	22.453067	0.000212	20.710318
490.122319	-2.985200	3.860600	-11.523000	22.458411	0.000215	20.698599
491.121394	-2.977300	3.859900	-11.491000	22.464515	0.000212	20.698074
492.123552	-2.966800	3.860100	-11.452000	22.480756	0.000213	20.691105
493.121962	-2.992600	3.859700	-11.550000	22.472370	0.000215	20.693612
494.125936	-2.986300	3.860000	-11.525000	22.510745	0.000215	20.701224
495.123912	-2.969800	3.859900	-11.463000	22.478795	0.000215	20.694831
496.121806	-2.982700	3.858800	-11.508000	22.492957	0.000214	20.721344
497.126278	-3.010500	3.858900	-11.616000	22.498749	0.000216	20.693003
498.122950	-2.991300	3.857800	-11.538000	22.475515	0.000216	20.684907
499.122607	-2.999600	3.857500	-11.570000	22.510661	0.000217	20.701615
500.124193	-3.007600	3.857700	-11.602000	22.503204	0.000214	20.695094
501.122750	-3.000800	3.857000	-11.572000	22.493550	0.000214	20.688270
502.122409	-2.982300	3.857300	-11.502000	22.502926	0.000217	20.704774
503.123036	-3.000700	3.855900	-11.569000	22.504871	0.000215	20.680641
504.121992	-2.992600	3.856400	-11.539000	22.512488	0.000218	20.684476
505.122328	-2.995500	3.857400	-11.554000	22.510679	0.000216	20.679345
506.124071	-2.977600	3.857900	-11.486000	22.515550	0.000217	20.689440
507.123372	-2.980500	3.856000	-11.492000	22.508626	0.000218	20.696731
508.126290	-2.979600	3.856100	-11.489000	22.538182	0.000219	20.701202
509.122425	-2.996300	3.856400	-11.554000	22.532991	0.000218	20.682251
510.126575	-2.985700	3.855400	-11.510000	22.528815	0.000217	20.709839
511.127377	-2.995300	3.854600	-11.545000	22.530388	0.000219	20.702405
512.126863	-2.972400	3.855200	-11.457000	22.541868	0.000220	20.675494
513.125529	-3.009300	3.855900	-11.603000	22.547161	0.000219	20.695021
514.125274	-3.004800	3.855000	-11.583000	22.534598	0.000219	20.681489
515.128647	-2.983400	3.854500	-11.498000	22.538191	0.000220	20.679398
516.133166	-2.994500	3.856000	-11.546000	22.530972	0.000219	20.676909
517.125111	-2.989400	3.855100	-11.524000	22.553248	0.000217	20.681202
518.129251	-3.006000	3.853700	-11.583000	22.544050	0.000219	20.703286
519.129136	-2.995000	3.855300	-11.546000	22.566698	0.000220	20.690406
520.129541	-2.995800	3.853700	-11.544000	22.563207	0.000221	20.680270
521.134200	-3.001200	3.853700	-11.566000	22.547491	0.000220	20.696300
522.137075	-3.021500	3.852600	-11.639000	22.565278	0.000220	20.675232
523.131785	-3.001600	3.853000	-11.564000	22.550297	0.000222	20.687256
524.130979	-3.004000	3.852900	-11.572000	22.575643	0.000221	20.679923
525.129106	-3.011100	3.851600	-11.597000	22.580977	0.000222	20.689534
526.132242	-3.001100	3.852400	-11.560000	22.590268	0.000221	20.699314
527.132870	-3.009100	3.851700	-11.589000	22.575271	0.000223	20.676705
528.130877	-2.995200	3.851500	-11.534000	22.584755	0.000223	20.656805
529.131318	-3.000100	3.851300	-11.553000	22.579218	0.000221	20.700575
530.131990	-3.002000	3.850200	-11.557000	22.597926	0.000224	20.676162
531.131370	-3.003500	3.849200	-11.560000	22.578144	0.000223	20.680532
532.140235	-2.993900	3.849900	-11.526000	22.591196	0.000221	20.660886
533.134239	-2.995700	3.850100	-11.533000	22.599845	0.000220	20.670497
534.132926	-2.999000	3.850200	-11.545000	22.585592	0.000222	20.696053
535.137577	-2.993900	3.850200	-11.527000	22.597748	0.000223	20.686417
536.134291	-2.995300	3.849800	-11.530000	22.592236	0.000222	20.681369
537.133446	-2.994100	3.850100	-11.526000	22.599353	0.000223	20.673799
538.133155	-3.013200	3.849000	-11.596000	22.611907	0.000222	20.698702
539.135391	-2.991900	3.848800	-11.514000	22.623843	0.000223	20.676517
540.133373	-3.013500	3.848900	-11.597000	22.625956	0.000223	20.668201
541.135937	-2.995200	3.848800	-11.527000	22.618678	0.000223	20.677981
542.133986	-3.013200	3.847500	-11.592000	22.633741	0.000223	20.674576
543.139004	-2.997000	3.847800	-11.530000	22.611390	0.000224	20.698185
544.139091	-2.989200	3.847900	-11.501000	22.630993	0.000227	20.671350
545.134616	-3.011300	3.848000	-11.587000	22.617628	0.000225	20.664600
546.137095	-3.001100	3.848800	-11.550000	22.615667	0.000224	20.670223
547.134730	-3.010500	3.847400	-11.582000	22.616538	0.000224	20.662560
548.141626	-2.973000	3.846400	-11.434000	22.630156	0.000225	20.664820
549.139568	-2.971800	3.847400	-11.433000	22.637206	0.000223	20.643904
550.136268	-2.999000	3.846300	-11.534000	22.626191	0.000223	20.665116
551.139415	-2.993000	3.845700	-11.509000	22.635532	0.000228	20.669257
552.139416	-2.974500	3.846700	-11.440000	22.635945	0.000225	20.674887
553.141033	-2.964100	3.846200	-11.399000	22.644991	0.000227	20.663083
554.141878	-3.000200	3.846100	-11.538000	22.656571	0.000227	20.676107
555.140389	-3.000500	3.845400	-11.538000	22.647974	0.000228	20.674608
556.137602	-3.005300	3.845400	-11.556000	22.657391	0.000228	20.686886
557.141664	-3.005500	3.845500	-11.557000	22.641296	0.000228	20.682144
558.140110	-3.021900	3.844900	-11.618000	22.656867	0.000227	20.674506
559.144952	-2.997600	3.843300	-11.519000	22.675354	0.000227	20.661254
560.141721	-2.977900	3.845000	-11.449000	22.649614	0.000227	20.667715
561.145455	-2.999800	3.843100	-11.528000	22.638751	0.000227	20.651143
562.145939	-3.017600	3.842900	-11.596000	22.661550	0.000228	20.650745
563.145755	-3.017600	3.842800	-11.594000	22.658287	0.000228	20.666919
564.147033	-3.006500	3.842600	-11.552000	22.665388	0.000225	20.682093
565.145926	-3.012100	3.843000	-11.574000	22.661804	0.000228	20.668545
566.144918	-3.035900	3.841100	-11.660000	22.682852	0.000229	20.652167
567.145219	-3.015500	3.841700	-11.584000	22.673765	0.000228	20.679104
568.146814	-2.964400	3.843200	-11.391000	22.685946	0.000228	20.678977
569.145510	-2.980300	3.843000	-11.452000	22.682210	0.000231	20.663854
570.152093	-2.998200	3.841100	-11.516000	22.672548	0.000229	20.680730
571.145971	-2.985800	3.842500	-11.472000	22.689717	0.000229	20.676116
572.147056	-2.971300	3.842100	-11.415000	22.686488	0.000230	20.663397
573.146865	-3.008300	3.840800	-11.553000	22.693656	0.000230	20.670578
574.146883	-2.981000	3.841700	-11.450000	22.698821	0.000230	20.664371
575.146952	-2.994400	3.841000	-11.500000	22.727232	0.000230	20.679555
576.144774	-3.001400	3.839700	-11.524000	22.707875	0.000230	20.663008
577.144352	-2.997000	3.839500	-11.507000	22.675796	0.000231	20.684933
578.145697	-2.980600	3.840500	-11.446000	22.708433	0.000231	20.662620
579.150374	-2.986000	3.839400	-11.464000	22.709862	0.000231	20.670690
580.151909	-2.962200	3.839000	-11.371000	22.705611	0.000231	20.679235
581.153014	-2.997100	3.838700	-11.504000	22.722086	0.000229	20.663493
582.153898	-3.021200	3.838800	-11.597000	22.712399	0.000229	20.680819
583.153043	-2.992800	3.839300	-11.489000	22.706770	0.000231	20.675654
584.150765	-2.984900	3.839400	-11.459000	22.731597	0.000232	20.673495
585.149834	-3.001700	3.837400	-11.517000	22.723727	0.000232	20.671302
586.159141	-2.990400	3.838200	-11.477000	22.729881	0.000233	20.693115
587.153066	-3.003600	3.837700	-11.526000	22.729620	0.000233	20.664876
588.153851	-2.961500	3.838300	-11.365000	22.740532	0.000232	20.658736
589.151457	-3.010000	3.836500	-11.546000	22.738200	0.000231	20.690068
590.153689	-3.008800	3.836100	-11.542000	22.716873	0.000231	20.679610
591.152736	-2.999600	3.836000	-11.505000	22.742021	0.000232	20.682990
592.159584	-2.999800	3.836000	-11.506000	22.750719	0.000233	20.669416
593.152685	-3.000500	3.835800	-11.507000	22.743323	0.000231	20.679552
594.154623	-3.003900	3.835600	-11.521000	22.765097	0.000231	20.682872
595.153283	-2.987300	3.836000	-11.459000	22.754683	0.000230	20.656790
596.151457	-2.988200	3.835000	-11.459000	22.754718	0.000232	20.670103
597.157629	-3.017400	3.834800	-11.571000	22.773981	0.000230	20.689401
598.152775	-3.009900	3.833500	-11.537000	22.765487	0.000231	20.681840
599.151145	-3.020400	3.833000	-11.576000	22.765985	0.000233	20.673804
600.151366	-2.986500	3.835600	-11.454000	22.759680	0.000234	20.703051
601.152652	-3.022500	3.833200	-11.584000	22.772688	0.000233	20.695693
602.152143	-3.016100	3.833500	-11.562000	22.775401	0.000232	20.677546
603.157730	-3.002400	3.833600	-11.509000	22.781952	0.000230	20.673202
604.151949	-2.991600	3.833600	-11.467000	22.778394	0.000233	20.698090
605.156027	-3.006600	3.833300	-11.524000	22.777117	0.000231	20.700604
606.153616	-2.983500	3.833600	-11.436000	22.787235	0.000232	20.687505
607.153464	-2.975500	3.833300	-11.405000	22.790481	0.000233	20.693128
608.160839	-2.986000	3.832200	-11.442000	22.790700	0.000232	20.687183
609.156392	-2.989500	3.833300	-11.458000	22.799229	0.000231	20.676285
610.157006	-3.006600	3.831900	-11.520000	22.769908	0.000229	20.699547
611.157504	-3.002000	3.830700	-11.499000	22.811282	0.000231	20.704483
612.157382	-3.007500	3.830900	-11.520000	22.787488	0.000233	20.715736
613.157520	-3.008300	3.829900	-11.521000	22.778715	0.000231	20.696040
614.154751	-3.010200	3.831300	-11.531000	22.795062	0.000234	20.697243
615.158231	-3.027500	3.830200	-11.594000	22.819767	0.000231	20.694016
616.157204	-2.990700	3.831000	-11.457000	22.796955	0.000232	20.691553
617.158929	-2.997700	3.830000	-11.480000	22.818347	0.000234	20.699232
618.161139	-2.983600	3.831500	-11.432000	22.809211	0.000233	20.688656
619.161543	-3.011800	3.828900	-11.531000	22.805618	0.000232	20.692170
620.156421	-3.005800	3.829100	-11.509000	22.814002	0.000233	20.697724
621.158646	-3.001900	3.830200	-11.497000	22.824888	0.000232	20.698199
622.156847	-2.995600	3.829300	-11.470000	22.814138	0.000233	20.698335
623.159697	-2.982000	3.827600	-11.413000	22.820282	0.000234	20.699748
624.159865	-2.994400	3.828100	-11.462000	22.820425	0.000231	20.694202
625.159445	-3.011000	3.827600	-11.523000	22.824126	0.000231	20.703126
626.160118	-2.984200	3.827800	-11.422000	22.846026	0.000232	20.716530
627.160268	-2.993300	3.826900	-11.453000	22.840244	0.000232	20.704100
628.159758	-3.012400	3.827500	-11.528000	22.838132	0.000232	20.716683
629.161283	-2.990400	3.826500	-11.442000	22.858246	0.000232	20.697003
630.160637	-3.019200	3.825300	-11.548000	22.860774	0.000232	20.704752
631.161696	-3.009700	3.824800	-11.511000	22.857528	0.000231	20.705768
632.166721	-3.019700	3.826000	-11.552000	22.846194	0.000231	20.702474
633.159604	-3.015000	3.826600	-11.536000	22.854282	0.000229	20.711525
634.159299	-3.021400	3.824400	-11.554000	22.865066	0.000231	20.715691
635.162394	-3.022300	3.824300	-11.556000	22.875606	0.000229	20.717241
636.159544	-2.995500	3.825900	-11.460000	22.848390	0.000231	20.710838
637.158573	-2.975100	3.823000	-11.372000	22.869419	0.000230	20.705826
638.161604	-2.975200	3.825400	-11.380000	22.856529	0.000230	20.702396
639.159314	-2.986700	3.825600	-11.424000	22.857764	0.000229	20.694623
640.165382	-2.988500	3.823400	-11.425000	22.865928	0.000231	20.729357
641.164129	-3.021000	3.823300	-11.549000	22.864448	0.000230	20.713649
642.162397	-3.007700	3.822600	-11.497000	22.866189	0.000230	20.696900
643.165154	-3.019100	3.822200	-11.539000	22.888916	0.000231	20.729154
644.166241	-2.999500	3.822200	-11.464000	22.880921	0.000230	20.710237
645.166624	-3.007500	3.821700	-11.493000	22.880692	0.000230	20.689144
646.162292	-3.008500	3.822400	-11.498000	22.905167	0.000232	20.728839
647.163238	-2.985200	3.822100	-11.409000	22.889388	0.000231	20.710659
648.167619	-2.976700	3.822200	-11.377000	22.892287	0.000229	20.717831
649.166525	-2.999200	3.821000	-11.458000	22.879770	0.000230	20.713825
650.167008	-3.018900	3.820900	-11.534000	22.899428	0.000230	20.716925
651.166350	-2.976000	3.820700	-11.369000	22.899453	0.000229	20.695138
652.166620	-3.003200	3.821300	-11.476000	22.911775	0.000232	20.728347
653.164191	-3.001500	3.820200	-11.465000	22.906442	0.000231	20.729168
654.163803	-3.013400	3.819200	-11.508000	22.895506	0.000229	20.716789
655.165854	-3.012400	3.819000	-11.504000	22.918840	0.000229	20.707449
656.169243	-3.000300	3.818600	-11.456000	22.912560	0.000231	20.719650
657.167193	-3.025300	3.818000	-11.550000	22.908799	0.000230	20.713037
658.167138	-3.008100	3.818200	-11.484000	22.900204	0.000231	20.723393
659.168901	-2.996700	3.817700	-11.439000	22.916811	0.000230	20.731022
660.167428	-2.989100	3.816500	-11.407000	22.904573	0.000229	20.724450
661.167609	-2.991200	3.818200	-11.420000	22.926740	0.000230	20.733858
662.170701	-3.020100	3.816400	-11.524000	22.914630	0.000229	20.718404
663.169256	-3.001000	3.817600	-11.454000	22.925489	0.000229	20.714585
664.171195	-3.002600	3.818200	-11.463000	22.913852	0.000230	20.728531
665.169997	-3.000700	3.815900	-11.449000	22.925801	0.000230	20.725330
666.170244	-2.966200	3.817500	-11.322000	22.926976	0.000231	20.719869
667.173591	-3.020900	3.814500	-11.523000	22.912769	0.000228	20.715592
668.169628	-2.996200	3.816200	-11.434000	22.924364	0.000230	20.732899
669.170201	-3.011200	3.814600	-11.486000	22.934826	0.000231	20.738166
670.169435	-3.015100	3.815700	-11.503000	22.939035	0.000227	20.709190
671.171978	-3.001800	3.815100	-11.451000	22.940700	0.000229	20.716074
672.175179	-2.983100	3.815000	-11.380000	22.943454	0.000226	20.733059
673.174116	-2.995100	3.812300	-11.417000	22.948803	0.000228	20.722771
674.174283	-2.987700	3.814000	-11.393000	22.960838	0.000230	20.723448
675.175451	-3.002400	3.812500	-11.445000	22.974646	0.000231	20.716893
676.175848	-2.998700	3.811900	-11.429000	22.964724	0.000228	20.743464
677.177044	-2.990600	3.813000	-11.402000	22.959721	0.000229	20.714742
678.178133	-3.006800	3.811800	-11.460000	22.967157	0.000228	20.720771
679.175828	-3.012500	3.811300	-11.481000	22.951523	0.000229	20.721228
680.179187	-3.014500	3.810500	-11.486000	22.963667	0.000229	20.720118
681.176670	-3.005800	3.811200	-11.454000	22.964512	0.000226	20.715275
682.175882	-3.020100	3.810500	-11.507000	22.971458	0.000229	20.717967
683.180443	-3.027100	3.809200	-11.530000	22.976925	0.000227	20.736248
684.178053	-3.014100	3.811400	-11.487000	22.966615	0.000226	20.727815
685.178862	-2.998100	3.809600	-11.420000	22.996328	0.000227	20.717281
686.180681	-2.989700	3.810300	-11.391000	22.978632	0.000226	20.722310
687.176572	-3.003100	3.809300	-11.438000	23.004762	0.000228	20.719567
688.178867	-2.979400	3.810900	-11.353000	22.987141	0.000227	20.741742
689.180392	-2.984500	3.809300	-11.368000	22.991654	0.000228	20.737729
690.176920	-3.018400	3.807500	-11.491000	23.000570	0.000227	20.721057
691.181846	-2.993700	3.808800	-11.402000	22.989009	0.000227	20.730811
692.176968	-3.012300	3.808200	-11.470000	23.001313	0.000226	20.741243
693.183191	-2.992100	3.807700	-11.392000	23.002445	0.000227	20.763715
694.184226	-3.000600	3.808400	-11.426000	23.015476	0.000225	20.743105
695.180939	-3.002700	3.807200	-11.431000	23.015053	0.000226	20.730353
696.180760	-3.002200	3.806600	-11.427000	23.010591	0.000225	20.734417
697.178617	-3.015800	3.807600	-11.481000	23.007600	0.000225	20.723359
698.183251	-3.001200	3.806900	-11.423000	23.002470	0.000227	20.741454
699.184669	-2.991500	3.806900	-11.387000	23.005504	0.000225	20.741174
700.179297	-3.025500	3.805400	-11.512000	23.013034	0.000225	20.741132
701.180873	-2.982100	3.805400	-11.347000	23.018011	0.000226	20.747068
702.184325	-2.994900	3.804700	-11.394000	23.026056	0.000225	20.738058
703.183860	-2.987400	3.804800	-11.365000	23.011529	0.000227	20.729193
704.187511	-3.000600	3.804800	-11.416000	23.013025	0.000227	20.745391
705.183174	-3.015500	3.803600	-11.469000	23.014419	0.000226	20.737779
706.185090	-3.004700	3.802800	-11.424000	23.013346	0.000228	20.752351
707.190421	-3.001400	3.803800	-11.415000	23.030010	0.000225	20.742969
708.185426	-2.992500	3.802200	-11.376000	23.024323	0.000226	20.748650
709.185089	-2.987400	3.803400	-11.361000	23.042947	0.000227	20.737913
710.186682	-3.011400	3.802300	-11.449000	23.030694	0.000227	20.735593
711.185448	-2.997200	3.802000	-11.393000	23.040809	0.000225	20.753790
712.185072	-2.993200	3.802800	-11.381000	23.051608	0.000225	20.757498
713.186404	-2.979600	3.803500	-11.332000	23.031962	0.000226	20.745399
714.184647	-2.992100	3.801800	-11.374000	23.032409	0.000226	20.766711
715.189311	-2.998800	3.800200	-11.394000	23.057532	0.000226	20.753950
716.185708	-3.008900	3.800100	-11.433000	23.042144	0.000227	20.753231
717.184463	-3.000000	3.799800	-11.398000	23.050907	0.000226	20.736406
718.186755	-3.008300	3.800500	-11.433000	23.056484	0.000225	20.747210
719.187464	-2.977700	3.800600	-11.316000	23.058292	0.000226	20.753289
720.190517	-2.977600	3.800500	-11.314000	23.064765	0.000222	20.754559
721.188974	-2.999100	3.798500	-11.390000	23.069868	0.000225	20.757777
722.189317	-3.003600	3.798600	-11.408000	23.074254	0.000225	20.765016
723.189339	-2.999000	3.798700	-11.391000	23.056838	0.000221	20.758471
724.189192	-2.988700	3.799000	-11.352000	23.064105	0.000224	20.763381
725.188352	-3.023200	3.796700	-11.477000	23.076611	0.000225	20.769275
726.190341	-2.988700	3.798800	-11.352000	23.070028	0.000223	20.756988
727.188515	-2.993500	3.798300	-11.370000	23.077676	0.000222	20.745210
728.189227	-3.002100	3.797200	-11.398000	23.082551	0.000223	20.745354
729.188621	-2.993300	3.798000	-11.367000	23.066284	0.000221	20.757505
730.187163	-3.012600	3.797200	-11.438000	23.078892	0.000224	20.748800
731.189313	-2.996200	3.796100	-11.372000	23.082965	0.000223	20.754778
732.188644	-3.013200	3.795800	-11.437000	23.076391	0.000224	20.771899
733.188038	-3.016000	3.794500	-11.443000	23.078858	0.000222	20.754930
734.189817	-3.010500	3.794500	-11.421000	23.094093	0.000222	20.759291
735.188931	-3.006900	3.795000	-11.410000	23.109776	0.000221	20.761729
736.196299	-3.013400	3.794300	-11.433000	23.082162	0.000223	20.778630
737.196533	-3.000800	3.794100	-11.384000	23.109404	0.000223	20.779849
738.196591	-2.984400	3.793400	-11.320000	23.104469	0.000221	20.750721
739.196703	-3.012600	3.793300	-11.427000	23.110113	0.000221	20.762067
740.196346	-3.009400	3.793100	-11.413000	23.099864	0.000221	20.777876
741.195506	-3.010300	3.791200	-11.411000	23.105432	0.000224	20.776817
742.196595	-2.985400	3.792100	-11.320000	23.111837	0.000220	20.765217
743.193034	-3.010900	3.790800	-11.413000	23.100227	0.000222	20.788197
744.196756	-2.997200	3.792300	-11.365000	23.097633	0.000224	20.753828
745.196550	-3.013200	3.790400	-11.421000	23.136164	0.000222	20.760196
746.197085	-2.995800	3.790900	-11.356000	23.112606	0.000223	20.768358
747.197385	-3.009100	3.791100	-11.406000	23.121731	0.000219	20.783192
748.197016	-2.989800	3.790400	-11.330000	23.116653	0.000220	20.789009
749.198510	-3.001700	3.790300	-11.377000	23.128728	0.000221	20.777875
750.197402	-2.997100	3.790800	-11.360000	23.120785	0.000221	20.770390
751.197670	-3.023000	3.790200	-11.457000	23.121773	0.000219	20.778967
752.201955	-2.985400	3.790400	-11.315000	23.124046	0.000220	20.785986
753.202325	-2.983900	3.789800	-11.307000	23.109048	0.000219	20.779966
754.202791	-2.992500	3.788700	-11.336000	23.134997	0.000218	20.787476
755.202856	-2.996600	3.787500	-11.349000	23.120598	0.000220	20.776841
756.204474	-3.020600	3.786700	-11.437000	23.128119	0.000221	20.776791
757.200220	-3.011800	3.788100	-11.409000	23.138233	0.000220	20.793090
758.206939	-2.990200	3.787400	-11.324000	23.133966	0.000221	20.796400
759.205190	-2.981100	3.787800	-11.291000	23.160286	0.000219	20.785317
760.204965	-2.987300	3.787600	-11.314000	23.155605	0.000218	20.783945
761.204254	-2.993600	3.787900	-11.338000	23.143497	0.000219	20.776553
762.205421	-3.003400	3.786400	-11.372000	23.163725	0.000219	20.766477
763.205822	-2.995500	3.785500	-11.338000	23.165592	0.000219	20.772616
764.203726	-2.998800	3.785800	-11.352000	23.157616	0.000219	20.789279
765.206550	-3.031300	3.784900	-11.472000	23.157168	0.000217	20.790253
766.202835	-3.012900	3.784000	-11.399000	23.173535	0.000216	20.778678
767.207151	-3.001500	3.785400	-11.361000	23.168296	0.000219	20.789550
768.204145	-3.008500	3.785100	-11.387000	23.178452	0.000219	20.798779
769.206593	-3.007800	3.784200	-11.381000	23.161418	0.000216	20.814900
770.207662	-2.970100	3.785300	-11.242000	23.164189	0.000216	20.809143
771.208222	-2.990300	3.784200	-11.314000	23.177454	0.000217	20.799202
772.207253	-3.010900	3.782700	-11.389000	23.175216	0.000217	20.800277
773.206070	-3.008400	3.782800	-11.379000	23.196390	0.000217	20.797314
774.211750	-2.984200	3.782900	-11.288000	23.182237	0.000217	20.802098
775.205354	-3.006100	3.782500	-11.370000	23.160852	0.000215	20.794418
776.206235	-2.986300	3.782500	-11.295000	23.173466	0.000219	20.804214
777.206945	-2.976200	3.783200	-11.259000	23.178257	0.000215	20.798110
778.206004	-3.016800	3.781500	-11.407000	23.184628	0.000214	20.800227
779.209417	-3.000500	3.782900	-11.350000	23.192021	0.000214	20.782031
780.209788	-3.029000	3.780700	-11.451000	23.189385	0.000214	20.811157
781.208212	-2.994300	3.780400	-11.319000	23.191049	0.000215	20.803816
782.212026	-3.002700	3.779200	-11.347000	23.209646	0.000213	20.791158
783.209304	-3.004300	3.781300	-11.359000	23.187855	0.000213	20.812469
784.207628	-3.021500	3.780000	-11.419000	23.201780	0.000213	20.815992
785.211001	-3.005600	3.778800	-11.357000	23.209823	0.000212	20.815043
786.207310	-3.013400	3.778400	-11.385000	23.226619	0.000214	20.792047
787.209417	-2.992500	3.779000	-11.307000	23.221837	0.000214	20.810962
788.208568	-2.992500	3.779100	-11.308000	23.238431	0.000216	20.802461
789.210155	-2.966300	3.778800	-11.208000	23.198678	0.000213	20.812410
790.211929	-3.018500	3.776600	-11.399000	23.190043	0.000212	20.820352
791.212584	-2.998000	3.777800	-11.325000	23.225073	0.000212	20.817998
792.212249	-3.016800	3.777400	-11.395000	23.209138	0.000212	20.793495
793.210937	-2.988400	3.774800	-11.280000	23.209924	0.000212	20.818463
794.211340	-3.013800	3.776300	-11.380000	23.226611	0.000212	20.807211
795.215768	-2.989900	3.777500	-11.293000	23.231291	0.000211	20.816169
796.214691	-2.994700	3.776900	-11.310000	23.215179	0.000213	20.822781
797.214310	-2.997100	3.775500	-11.314000	23.223442	0.000213	20.817311
798.216597	-3.005100	3.774000	-11.341000	23.242545	0.000211	20.834084
799.211759	-2.972200	3.775600	-11.221000	23.255286	0.000209	20.813662
800.216930	-2.994400	3.775000	-11.302000	23.245400	0.000210	20.829834
801.220744	-3.007500	3.774600	-11.352000	23.253875	0.000210	20.812248
802.212426	-3.006500	3.774300	-11.346000	23.220130	0.000210	20.814941
803.216900	-3.013100	3.773200	-11.368000	23.239123	0.000210	20.827810
804.213610	-2.999700	3.774200	-11.320000	23.242874	0.000208	20.814974
805.214349	-3.011100	3.772400	-11.357000	23.243280	0.000208	20.831502
806.221845	-3.015100	3.772700	-11.373000	23.228291	0.000210	20.822171
807.216208	-3.019100	3.772200	-11.387000	23.250199	0.000209	20.814254
808.216661	-2.997900	3.773500	-11.312000	23.257093	0.000209	20.803146
809.218571	-2.983600	3.771900	-11.252000	23.241649	0.000210	20.813746
810.217483	-2.990700	3.772100	-11.280000	23.259805	0.000208	20.821984
811.220601	-3.001200	3.771800	-11.318000	23.244243	0.000208	20.806388
812.221971	-3.018000	3.770000	-11.376000	23.255116	0.000209	20.823449
813.217937	-2.994600	3.770400	-11.291000	23.252674	0.000208	20.811993
814.225680	-2.998200	3.770400	-11.304000	23.257304	0.000206	20.821374
815.221950	-3.000600	3.771900	-11.317000	23.253992	0.000208	20.802409
816.219249	-3.007600	3.769600	-11.336000	23.248677	0.000206	20.809410
817.225066	-2.992200	3.769100	-11.277000	23.260413	0.000207	20.804102
818.220620	-3.011400	3.769200	-11.350000	23.256746	0.000205	20.808013
819.222996	-3.001700	3.769200	-11.313000	23.251719	0.000205	20.789699
820.222318	-2.996300	3.767900	-11.288000	23.262170	0.000207	20.795905
821.220003	-2.990200	3.766500	-11.261000	23.275189	0.000204	20.810849
822.223599	-2.972800	3.769700	-11.205000	23.274243	0.000203	20.802789
823.223716	-3.009700	3.767100	-11.337000	23.265380	0.000205	20.813821
824.224923	-3.024900	3.766000	-11.390000	23.282455	0.000205	20.803432
825.225357	-2.990300	3.768300	-11.268000	23.255934	0.000205	20.801510
826.225078	-3.008400	3.766500	-11.330000	23.268607	0.000204	20.820374
827.227705	-3.007100	3.765800	-11.323000	23.266292	0.000204	20.825641
828.226235	-3.004500	3.767100	-11.317000	23.269672	0.000204	20.790621
829.224012	-2.989700	3.766900	-11.262000	23.277588	0.000203	20.808986
830.223979	-3.005900	3.766500	-11.320000	23.269663	0.000204	20.794406
831.222916	0.000000	0.000000	0.000000	23.261696	0.000206	20.787844
