LabVIEW Measurement	
Writer_Version	2
Reader_Version	2
Separator	Tab
Decimal_Separator	.
Multi_Headings	No
X_Columns	One
Time_Pref	Absolute
Operator	admin
Description	Clolumns are: time, Current, Voltage, Power, Battery Temp, and Chamber Temp
Date	2024/07/11
Time	12:36:47.8860096931457519531
***End_of_Header***	
	
Channels	6						
Samples	1	1	1	1	1	1	
Date	2024/07/11	2024/07/11	2024/07/11	2024/07/11	2024/07/11	2024/07/11	
Time	16:33:05.183467864990234375	16:33:05.1884136199951171875	16:33:05.1965303421020507812	16:33:05.1672873497009277344	16:33:05.1672873497009277344	16:33:05.1672873497009277344	
X_Dimension	Time	Time	Time	Time	Time	Time	
X0	0.0000000000000000E+0	0.0000000000000000E+0	0.0000000000000000E+0	0.0000000000000000E+0	0.0000000000000000E+0	0.0000000000000000E+0	
Delta_X	1.000000	1.000000	1.000000	1.000000	1.000000	1.000000	
***End_of_Header***							
X_Value	Untitled	Untitled 1	Untitled 2	Untitled 3	Untitled 4	Untitled 5	Comment
0.000000	0.026679	4.125100	0.110130	20.814559	0.000220	20.763824
1.008523	-2.993000	4.001900	-11.976000	20.819997	0.000222	20.741287
2.002862	-2.991400	3.995800	-11.952000	20.802152	0.000221	20.754736
3.004742	-2.989600	3.990300	-11.928000	20.817548	0.000220	20.741682
4.005111	-3.013900	3.985100	-12.010000	20.816294	0.000218	20.733316
5.005469	-3.001100	3.982600	-11.951000	20.831370	0.000218	20.751237
6.010117	-2.997000	3.979900	-11.926000	20.801549	0.000219	20.733269
7.004460	-2.992100	3.976500	-11.897000	20.798823	0.000218	20.734810
8.007652	-3.009900	3.974900	-11.963000	20.830343	0.000217	20.741201
9.002244	-3.005500	3.972300	-11.937000	20.840321	0.000217	20.740749
10.007773	-3.010600	3.969400	-11.949000	20.830637	0.000216	20.753350
11.003998	-3.013900	3.968100	-11.958000	20.825971	0.000215	20.708853
12.006341	-3.019900	3.966800	-11.978000	20.816463	0.000213	20.754349
13.005750	-3.005200	3.963800	-11.911000	20.826615	0.000213	20.707599
14.006732	-3.002300	3.964200	-11.901000	20.853493	0.000214	20.757715
15.006254	-3.014600	3.959400	-11.935000	20.828335	0.000213	20.724494
16.005115	-2.989500	3.959600	-11.837000	20.836942	0.000212	20.727411
17.007217	-2.997000	3.958900	-11.864000	20.840559	0.000212	20.738141
18.005441	-3.015000	3.956000	-11.925000	20.826859	0.000210	20.730605
19.011123	-2.998000	3.955700	-11.857000	20.836665	0.000210	20.717651
20.008682	-2.997900	3.954200	-11.853000	20.851486	0.000210	20.726783
21.007820	-3.005000	3.951700	-11.873000	20.839984	0.000209	20.732350
22.010766	-2.957100	3.952700	-11.688000	20.872972	0.000205	20.726459
23.012255	-2.976600	3.950400	-11.758000	20.842675	0.000207	20.724609
24.010249	-2.999500	3.949800	-11.846000	20.856353	0.000207	20.739237
25.007356	-2.981700	3.949600	-11.775000	20.861044	0.000206	20.709787
26.011202	-3.002100	3.947300	-11.849000	20.871076	0.000205	20.742107
27.010018	-2.983200	3.947000	-11.774000	20.864115	0.000205	20.716178
28.013750	-3.013400	3.944500	-11.885000	20.872247	0.000205	20.726682
29.012769	-3.027100	3.944100	-11.938000	20.872398	0.000205	20.729204
30.014358	-2.998400	3.943400	-11.823000	20.863342	0.000203	20.722992
31.014871	-3.021800	3.943900	-11.916000	20.908531	0.000203	20.725511
32.013451	-3.002500	3.942100	-11.835000	20.887246	0.000201	20.733622
33.018583	-2.993000	3.944000	-11.803000	20.917665	0.000201	20.727533
34.015499	-3.026700	3.940300	-11.925000	20.890917	0.000199	20.720223
35.014398	-2.990500	3.941200	-11.786000	20.903269	0.000200	20.708393
36.011953	-2.997500	3.939500	-11.807000	20.924650	0.000199	20.731201
37.013374	-2.999300	3.938800	-11.812000	20.901250	0.000199	20.734825
38.020120	-3.005200	3.937900	-11.833000	20.908337	0.000196	20.719152
39.017642	-3.007100	3.938300	-11.841000	20.925580	0.000198	20.724544
40.014767	-3.021500	3.936800	-11.894000	20.909034	0.000197	20.737868
41.020592	-2.978500	3.935700	-11.722000	20.914601	0.000197	20.714511
42.018595	-2.984300	3.935200	-11.742000	20.919090	0.000197	20.721372
43.021531	-2.988500	3.935100	-11.759000	20.930243	0.000197	20.738691
44.024324	-2.993800	3.934700	-11.777000	20.924230	0.000196	20.708020
45.016126	-3.020600	3.933100	-11.879000	20.945115	0.000198	20.739341
46.018996	-2.990400	3.933400	-11.761000	20.953175	0.000195	20.701880
47.017658	-3.002700	3.933000	-11.809000	20.954271	0.000196	20.717202
48.017108	-3.002900	3.931400	-11.805000	20.933310	0.000194	20.699556
49.021366	-3.031500	3.929900	-11.913000	20.961184	0.000194	20.718901
50.018688	-2.994200	3.931400	-11.771000	20.954666	0.000193	20.717597
51.019351	-3.005300	3.930200	-11.811000	20.950305	0.000191	20.687629
52.020629	-3.003400	3.929100	-11.799000	20.972735	0.000193	20.697261
53.022735	-3.005000	3.930200	-11.808000	20.947307	0.000192	20.689846
54.024349	-3.015400	3.928500	-11.846000	20.980044	0.000191	20.708365
55.024330	-2.992700	3.927900	-11.754000	20.996036	0.000190	20.706816
56.020448	-2.993400	3.928100	-11.757000	21.006516	0.000190	20.700702
57.026718	-3.006800	3.926200	-11.805000	21.002821	0.000191	20.692738
58.022060	-3.014400	3.925400	-11.832000	20.992341	0.000190	20.690791
59.026321	-3.004600	3.926500	-11.796000	21.010736	0.000191	20.722942
60.023068	-2.999300	3.925800	-11.772000	21.010356	0.000191	20.686997
61.024903	-3.004000	3.925100	-11.790000	21.022660	0.000190	20.690295
62.028437	-2.995400	3.926100	-11.759000	21.017071	0.000190	20.703199
63.023070	-3.005800	3.924800	-11.797000	21.043116	0.000190	20.704593
64.024737	-3.001200	3.923400	-11.773000	21.035283	0.000189	20.698655
65.023149	-2.984600	3.923800	-11.710000	21.033732	0.000190	20.700422
66.026719	-2.985200	3.923000	-11.710000	21.034935	0.000188	20.713954
67.026511	-2.989600	3.923000	-11.728000	21.029419	0.000188	20.694211
68.027065	-2.996400	3.923000	-11.755000	21.045885	0.000186	20.695982
69.025296	-2.972500	3.923700	-11.663000	21.056785	0.000188	20.686495
70.031561	-3.005600	3.922200	-11.787000	21.041044	0.000188	20.702520
71.030544	-3.010300	3.921900	-11.805000	21.081184	0.000185	20.708056
72.030470	-3.006500	3.920500	-11.786000	21.056835	0.000187	20.677061
73.029378	-3.027700	3.919700	-11.867000	21.083608	0.000184	20.716171
74.024092	-2.994100	3.919800	-11.735000	21.077467	0.000185	20.696277
75.030852	-3.014900	3.919700	-11.817000	21.082031	0.000186	20.717439
76.030885	-3.018300	3.919800	-11.830000	21.099696	0.000185	20.699546
77.025699	-2.998200	3.920500	-11.754000	21.078983	0.000185	20.706329
78.028694	-3.024200	3.918700	-11.849000	21.080782	0.000186	20.684893
79.028349	-2.995700	3.918800	-11.739000	21.095674	0.000184	20.706429
80.030492	-3.014700	3.918700	-11.813000	21.112517	0.000185	20.703835
81.035994	-3.007900	3.918600	-11.786000	21.084922	0.000184	20.687138
82.031535	-3.001200	3.917400	-11.756000	21.105277	0.000182	20.686161
83.030778	-3.011300	3.917300	-11.795000	21.111292	0.000183	20.698817
84.033463	-2.999500	3.917000	-11.748000	21.134167	0.000183	20.712217
85.028487	-3.002400	3.917100	-11.760000	21.119721	0.000182	20.676426
86.038996	-3.011100	3.916400	-11.791000	21.118773	0.000183	20.692549
87.032072	-2.990800	3.915900	-11.711000	21.130849	0.000182	20.709846
88.033779	-2.994600	3.915800	-11.726000	21.135263	0.000183	20.684387
89.032229	-3.004700	3.916700	-11.767000	21.135762	0.000183	20.708596
90.028710	-2.998500	3.914700	-11.738000	21.144341	0.000183	20.685881
91.033715	-2.995300	3.915800	-11.729000	21.157114	0.000180	20.688701
92.037202	-2.996400	3.915000	-11.730000	21.153150	0.000182	20.695642
93.034694	-2.975800	3.914800	-11.649000	21.144636	0.000182	20.693289
94.031036	-3.019100	3.913400	-11.814000	21.166695	0.000184	20.712511
95.033215	-2.999200	3.914200	-11.738000	21.170835	0.000182	20.705273
96.032528	-3.030700	3.914200	-11.862000	21.183005	0.000181	20.705593
97.036265	-3.000400	3.914600	-11.744000	21.155190	0.000182	20.712857
98.034222	-3.005100	3.913200	-11.758000	21.177917	0.000181	20.702873
99.034327	-3.008800	3.913700	-11.775000	21.172954	0.000180	20.706918
100.033794	-3.010500	3.911700	-11.775000	21.191662	0.000181	20.700503
101.034903	-3.023600	3.913200	-11.831000	21.188894	0.000179	20.701052
102.036625	-2.994600	3.912300	-11.715000	21.191286	0.000180	20.697755
103.038304	-3.007400	3.911800	-11.763000	21.203060	0.000180	20.692463
104.037854	-3.012200	3.911900	-11.781000	21.225262	0.000181	20.712304
105.037506	-3.002000	3.911100	-11.740000	21.205954	0.000180	20.698204
106.039916	-3.004700	3.911700	-11.753000	21.224587	0.000180	20.723957
107.037491	-2.983100	3.911300	-11.666000	21.219822	0.000178	20.710655
108.040278	-3.006100	3.910100	-11.753000	21.226655	0.000179	20.704214
109.039824	-3.016000	3.910700	-11.794000	21.218946	0.000178	20.694130
110.040149	-3.014400	3.910000	-11.785000	21.238655	0.000178	20.682078
111.041183	-2.981600	3.910600	-11.659000	21.268462	0.000180	20.719959
112.041692	-2.998500	3.909900	-11.723000	21.249930	0.000179	20.694306
113.044479	-2.997500	3.910600	-11.721000	21.224038	0.000179	20.714398
114.040834	-2.989800	3.909600	-11.688000	21.270760	0.000179	20.722732
115.043954	-3.007800	3.910400	-11.761000	21.266469	0.000177	20.706111
116.043505	-2.993500	3.910200	-11.704000	21.269535	0.000179	20.721033
117.041134	-2.991300	3.909600	-11.694000	21.281908	0.000179	20.709703
118.042022	-2.988900	3.907900	-11.680000	21.278720	0.000178	20.733541
119.050175	-3.000400	3.908300	-11.725000	21.283054	0.000177	20.709427
120.044671	-3.012700	3.908400	-11.774000	21.283079	0.000178	20.709452
121.047384	-3.004200	3.908400	-11.741000	21.310568	0.000179	20.725574
122.045868	-3.011200	3.907700	-11.766000	21.286221	0.000178	20.702163
123.047810	-2.995300	3.909200	-11.709000	21.278659	0.000178	20.702659
124.051344	-2.997500	3.907500	-11.711000	21.291506	0.000179	20.688009
125.050439	-2.996800	3.909200	-11.714000	21.312435	0.000176	20.726020
126.049954	-3.000600	3.907900	-11.725000	21.328348	0.000177	20.716335
127.045845	-2.999400	3.907700	-11.720000	21.300587	0.000179	20.700888
128.049956	-2.992300	3.906600	-11.689000	21.311858	0.000176	20.720226
129.049937	-3.011500	3.907500	-11.766000	21.323857	0.000178	20.718480
130.047434	-2.973600	3.908500	-11.622000	21.331289	0.000176	20.715484
131.048523	-2.986900	3.906300	-11.666000	21.340341	0.000179	20.710315
132.053402	-3.001100	3.907000	-11.725000	21.348300	0.000178	20.721598
133.047803	-2.989200	3.905600	-11.673000	21.341863	0.000179	20.700457
134.044168	-2.995400	3.906400	-11.699000	21.353812	0.000180	20.724267
135.050904	-2.992200	3.905800	-11.686000	21.339170	0.000178	20.700134
136.050107	-3.001200	3.905300	-11.720000	21.363143	0.000180	20.710368
137.051142	-2.999800	3.904500	-11.712000	21.380031	0.000180	20.713515
138.046822	-2.994800	3.905000	-11.694000	21.362148	0.000179	20.722650
139.051115	-3.007200	3.904500	-11.741000	21.382429	0.000180	20.733459
140.051352	-3.022000	3.903800	-11.796000	21.383948	0.000179	20.720279
141.051936	-2.988500	3.905600	-11.670000	21.371278	0.000182	20.715663
142.052608	-3.001500	3.904000	-11.717000	21.360058	0.000179	20.740949
143.052922	-2.974700	3.904600	-11.613000	21.378789	0.000180	20.731239
144.052196	-3.011800	3.903300	-11.755000	21.406379	0.000181	20.724230
145.050752	-3.020500	3.903400	-11.790000	21.396327	0.000176	20.735984
146.058367	-3.017800	3.903000	-11.777000	21.389297	0.000179	20.722312
147.054485	-2.994600	3.904300	-11.690000	21.432770	0.000178	20.718393
148.056700	-2.995400	3.902800	-11.689000	21.417329	0.000178	20.720013
149.053955	-2.998800	3.904200	-11.707000	21.427633	0.000180	20.724632
150.055632	-2.993600	3.902700	-11.682000	21.421497	0.000178	20.730822
151.060634	-3.022000	3.901400	-11.789000	21.427809	0.000179	20.700151
152.059625	-2.980300	3.902400	-11.629000	21.430875	0.000177	20.732618
153.060918	-2.970300	3.903000	-11.591000	21.422470	0.000179	20.728476
154.060124	-3.001800	3.902100	-11.712000	21.449629	0.000178	20.738107
155.059631	-2.975300	3.902500	-11.610000	21.432146	0.000178	20.737683
156.057265	-3.005300	3.901500	-11.724000	21.430950	0.000179	20.712778
157.059926	-2.989000	3.901400	-11.660000	21.451726	0.000177	20.731196
158.057855	-2.999600	3.901600	-11.702000	21.469109	0.000180	20.723932
159.060412	-2.971800	3.901700	-11.593000	21.459280	0.000178	20.731167
160.059328	-2.991200	3.900400	-11.666000	21.488265	0.000179	20.732668
161.060284	-3.004500	3.900800	-11.718000	21.476716	0.000178	20.706412
162.062072	-2.999400	3.901200	-11.701000	21.475790	0.000180	20.722556
163.064806	-2.999000	3.900800	-11.697000	21.483347	0.000179	20.746714
164.061877	-3.005300	3.900100	-11.719000	21.487712	0.000178	20.731167
165.060791	-3.011900	3.900800	-11.748000	21.503648	0.000179	20.734785
166.062179	-2.994800	3.900300	-11.679000	21.505719	0.000180	20.740651
167.064156	-3.033300	3.899400	-11.827000	21.487314	0.000180	20.746890
168.063534	-3.004300	3.900100	-11.716000	21.508459	0.000179	20.732486
169.060679	-3.027200	3.899300	-11.803000	21.503497	0.000180	20.742695
170.063501	-3.008700	3.899700	-11.733000	21.516611	0.000179	20.734954
171.060859	-3.026300	3.899500	-11.800000	21.515839	0.000180	20.737501
172.069499	-3.013000	3.898200	-11.745000	21.548485	0.000180	20.751676
173.064188	-2.995400	3.898900	-11.678000	21.537034	0.000180	20.741165
174.065135	-2.981900	3.899500	-11.627000	21.514766	0.000182	20.740220
175.065439	-3.002500	3.898200	-11.703000	21.556314	0.000180	20.757139
176.067231	-3.006200	3.898600	-11.719000	21.555065	0.000182	20.731232
177.069487	-3.013200	3.898300	-11.746000	21.551378	0.000179	20.743191
178.068420	-3.014800	3.897800	-11.750000	21.562076	0.000180	20.737300
179.068199	-3.004000	3.898000	-11.708000	21.559179	0.000182	20.734401
180.068056	-2.998300	3.899000	-11.689000	21.560252	0.000180	20.758709
181.070572	-3.008900	3.897100	-11.726000	21.566462	0.000181	20.725567
182.067853	-3.007000	3.896000	-11.715000	21.577483	0.000181	20.731380
183.072630	-3.006500	3.896300	-11.713000	21.576137	0.000182	20.749000
184.069200	-2.991000	3.897000	-11.655000	21.595639	0.000180	20.737221
185.069918	-3.010100	3.897600	-11.731000	21.579830	0.000182	20.747480
186.069566	-3.029500	3.896200	-11.803000	21.586486	0.000182	20.743709
187.065479	-2.991500	3.896500	-11.656000	21.606386	0.000181	20.756037
188.076261	-2.995300	3.896300	-11.669000	21.598658	0.000180	20.735500
189.068687	-3.018000	3.895900	-11.757000	21.612797	0.000180	20.743011
190.071798	-2.999700	3.895800	-11.685000	21.607635	0.000182	20.753019
191.075622	-2.999100	3.895500	-11.682000	21.625091	0.000182	20.731132
192.072361	-3.012100	3.896300	-11.735000	21.604792	0.000181	20.755390
193.073350	-3.015900	3.894700	-11.744000	21.622923	0.000182	20.754093
194.078767	-2.990200	3.894600	-11.644000	21.616814	0.000183	20.737073
195.073258	-2.996000	3.894100	-11.666000	21.609132	0.000184	20.746931
196.070457	-2.976400	3.896600	-11.597000	21.625845	0.000184	20.751801
197.074818	-2.988600	3.895000	-11.639000	21.655544	0.000184	20.758289
198.071691	-2.989500	3.894800	-11.642000	21.646739	0.000185	20.751848
199.072607	-3.007900	3.893400	-11.710000	21.646269	0.000183	20.750903
200.074198	-3.009000	3.893500	-11.715000	21.654822	0.000185	20.770369
201.076523	-2.993200	3.893200	-11.653000	21.662353	0.000183	20.763206
202.076286	-3.008500	3.893600	-11.713000	21.662683	0.000185	20.753105
203.077243	-2.981900	3.895400	-11.615000	21.679937	0.000184	20.758993
204.078208	-2.997700	3.893700	-11.671000	21.678763	0.000185	20.754499
205.081785	-2.993600	3.893300	-11.655000	21.688490	0.000184	20.768501
206.079984	-2.988900	3.893500	-11.636000	21.665827	0.000184	20.763364
207.078649	-3.014700	3.893400	-11.736000	21.694628	0.000185	20.763738
208.077862	-2.999100	3.894000	-11.678000	21.696372	0.000186	20.756474
209.079059	-2.983500	3.894800	-11.619000	21.692984	0.000186	20.767308
210.083018	-2.998900	3.892200	-11.671000	21.704006	0.000187	20.784029
211.078642	-2.978700	3.892200	-11.593000	21.709566	0.000185	20.759721
212.077350	-2.996300	3.892600	-11.662000	21.713159	0.000185	20.769481
213.077977	-2.997100	3.892600	-11.665000	21.712936	0.000187	20.778268
214.079186	-2.982500	3.893500	-11.612000	21.696928	0.000187	20.759401
215.087955	-3.004900	3.891900	-11.692000	21.716105	0.000187	20.798035
216.081167	-3.023700	3.892400	-11.769000	21.734859	0.000188	20.779345
217.081552	-2.993400	3.891100	-11.647000	21.737676	0.000188	20.764621
218.081462	-3.020900	3.892000	-11.757000	21.738473	0.000187	20.757357
219.082302	-2.990600	3.892600	-11.640000	21.742715	0.000188	20.783889
220.081597	-2.986500	3.892300	-11.623000	21.766504	0.000188	20.773084
221.082957	-3.015500	3.889100	-11.727000	21.749696	0.000188	20.770487
222.082047	-3.007900	3.891700	-11.704000	21.750647	0.000188	20.761007
223.084047	-3.012100	3.889800	-11.715000	21.776478	0.000187	20.787334
224.091067	-3.012600	3.890200	-11.718000	21.770322	0.000188	20.801562
225.080650	-3.000200	3.890400	-11.670000	21.760596	0.000189	20.784241
226.084113	-2.994300	3.889600	-11.645000	21.797050	0.000190	20.787535
227.084032	-3.023800	3.889300	-11.760000	21.784136	0.000189	20.787412
228.081280	-2.984000	3.890800	-11.608000	21.790044	0.000189	20.791903
229.085102	-3.001800	3.889700	-11.675000	21.788651	0.000190	20.795250
230.085118	-2.971400	3.889800	-11.557000	21.793288	0.000189	20.795624
231.084183	-2.981500	3.891000	-11.601000	21.792068	0.000191	20.788238
232.089813	-3.002000	3.888600	-11.673000	21.799773	0.000191	20.787890
233.090423	-2.985500	3.889800	-11.611000	21.820291	0.000190	20.795624
234.085025	-3.029900	3.888200	-11.780000	21.819868	0.000192	20.781924
235.089115	-3.008100	3.889000	-11.698000	21.831463	0.000192	20.794952
236.085607	-3.013800	3.888700	-11.719000	21.812162	0.000192	20.794600
237.086424	-3.008400	3.888500	-11.697000	21.838218	0.000191	20.806454
238.090714	-3.008800	3.888400	-11.698000	21.840511	0.000191	20.794525
239.090311	-3.000400	3.888600	-11.666000	21.840066	0.000192	20.806881
240.087152	-3.003900	3.887600	-11.677000	21.858365	0.000193	20.797696
241.091079	-3.015100	3.887300	-11.720000	21.849590	0.000193	20.770896
242.088766	-3.004900	3.887800	-11.681000	21.843156	0.000192	20.802862
243.092006	-3.014800	3.886300	-11.716000	21.843906	0.000192	20.783224
244.091945	-3.009900	3.886800	-11.699000	21.868690	0.000195	20.779581
245.088727	-3.001100	3.887000	-11.664000	21.867717	0.000194	20.797574
246.092255	-3.006700	3.887500	-11.688000	21.862607	0.000197	20.803839
247.089456	-3.005200	3.886100	-11.678000	21.870534	0.000195	20.798971
248.097582	-2.996800	3.887400	-11.649000	21.873201	0.000195	20.793580
249.093001	-2.985100	3.886500	-11.600000	21.877288	0.000194	20.788662
250.092964	-2.991100	3.886000	-11.622000	21.898059	0.000197	20.793332
251.090879	-2.996800	3.885800	-11.644000	21.878738	0.000197	20.792010
252.093492	-2.998200	3.886600	-11.651000	21.895763	0.000198	20.823749
253.097286	-2.991200	3.887700	-11.628000	21.904788	0.000196	20.810498
254.098585	-3.010200	3.886600	-11.699000	21.900055	0.000198	20.811924
255.095287	-3.028200	3.885400	-11.764000	21.905488	0.000198	20.807880
256.097053	-3.017800	3.885500	-11.725000	21.917679	0.000198	20.809177
257.095054	-2.997800	3.886700	-11.651000	21.927978	0.000197	20.828020
258.093730	-3.010000	3.885400	-11.695000	21.918726	0.000198	20.804536
259.096708	-2.996300	3.885500	-11.641000	21.920173	0.000199	20.838699
260.094575	-3.024900	3.884500	-11.748000	21.895167	0.000198	20.808929
261.096443	-2.993600	3.885400	-11.631000	21.926977	0.000198	20.816587
262.096174	-2.995900	3.886100	-11.642000	21.941883	0.000199	20.804956
263.096665	-2.993100	3.884900	-11.626000	21.947671	0.000200	20.815965
264.098722	-3.028800	3.883500	-11.761000	21.933160	0.000200	20.825621
265.101850	-3.029000	3.883800	-11.763000	21.963967	0.000200	20.808096
266.096102	-2.990700	3.884700	-11.617000	21.940685	0.000199	20.821300
267.098269	-2.976400	3.884400	-11.561000	21.958111	0.000201	20.814561
268.098518	-2.998200	3.884100	-11.645000	21.942078	0.000200	20.809892
269.096214	-2.990200	3.884300	-11.614000	21.959607	0.000200	20.796619
270.102619	-3.010300	3.883200	-11.689000	21.972769	0.000202	20.826390
271.099996	-2.990700	3.883200	-11.612000	21.998620	0.000202	20.814335
272.098974	-3.009900	3.882000	-11.683000	21.993883	0.000201	20.836620
273.100568	-3.011400	3.882800	-11.692000	21.968180	0.000202	20.831279
274.100324	-3.016500	3.882600	-11.711000	21.975734	0.000206	20.828883
275.106586	-3.009300	3.882600	-11.684000	22.001408	0.000203	20.814756
276.100080	-3.002700	3.882500	-11.657000	21.991910	0.000203	20.828955
277.101758	-3.012200	3.882000	-11.693000	22.019909	0.000205	20.830905
278.099968	-2.996900	3.882700	-11.635000	22.027484	0.000204	20.845126
279.100710	-3.002600	3.882500	-11.657000	22.005474	0.000203	20.838739
280.099178	-3.009600	3.882100	-11.681000	22.026189	0.000203	20.831501
281.101788	-3.002900	3.881400	-11.654000	22.010609	0.000204	20.826810
282.103155	-3.011000	3.881600	-11.687000	22.034363	0.000205	20.821193
283.099534	-3.018500	3.881400	-11.715000	22.021026	0.000204	20.834393
284.103835	-3.002400	3.881200	-11.653000	22.046028	0.000207	20.841405
285.102091	-3.003400	3.881300	-11.657000	22.023764	0.000206	20.834763
286.103011	-3.006500	3.881100	-11.668000	22.047747	0.000208	20.819892
287.102028	-2.982700	3.882500	-11.579000	22.041213	0.000205	20.825205
288.104400	-3.035300	3.880500	-11.777000	22.051336	0.000209	20.830597
289.104238	-2.980100	3.882200	-11.568000	22.065893	0.000208	20.843273
290.103609	-3.020300	3.879600	-11.717000	22.047295	0.000208	20.855949
291.101866	-3.020300	3.881200	-11.722000	22.065839	0.000208	20.854598
292.105667	-3.013400	3.879200	-11.688000	22.047249	0.000209	20.829824
293.104976	-2.998800	3.879700	-11.634000	22.069083	0.000206	20.846940
294.104329	-3.003500	3.880500	-11.654000	22.084414	0.000208	20.840952
295.103975	-3.001300	3.879400	-11.643000	22.073568	0.000211	20.850956
296.103876	-3.030100	3.879700	-11.754000	22.090170	0.000210	20.846240
297.105558	-3.010900	3.879700	-11.679000	22.090869	0.000210	20.826552
298.103386	-3.011400	3.879500	-11.681000	22.098171	0.000211	20.873689
299.108050	-3.026100	3.878900	-11.737000	22.107148	0.000212	20.850435
300.107513	-2.991200	3.880700	-11.607000	22.083589	0.000212	20.849135
301.109013	-3.026600	3.878900	-11.740000	22.116269	0.000212	20.864307
302.110262	-3.000600	3.878700	-11.638000	22.099940	0.000212	20.841322
303.106600	-3.024300	3.878400	-11.728000	22.122799	0.000212	20.862310
304.108947	-3.007300	3.879000	-11.664000	22.110582	0.000214	20.841545
305.110113	-3.009700	3.878000	-11.671000	22.123247	0.000213	20.867026
306.110130	-3.005500	3.878200	-11.655000	22.131349	0.000214	20.863283
307.109494	-3.015000	3.877600	-11.690000	22.116168	0.000215	20.835284
308.110778	-2.992900	3.878900	-11.608000	22.157572	0.000213	20.853977
309.105977	-3.008700	3.877000	-11.663000	22.139450	0.000216	20.851954
310.108283	-2.994700	3.877800	-11.612000	22.147153	0.000215	20.862985
311.107624	-3.002000	3.877500	-11.640000	22.140972	0.000216	20.829771
312.111163	-3.013000	3.877800	-11.683000	22.143465	0.000216	20.835112
313.115171	-3.002800	3.876700	-11.640000	22.165250	0.000214	20.838431
314.112709	-3.020300	3.875400	-11.703000	22.173951	0.000216	20.853779
315.106206	-2.995900	3.876500	-11.612000	22.153113	0.000215	20.849512
316.115930	-3.008800	3.876500	-11.663000	22.153163	0.000217	20.847666
317.112265	-3.009400	3.876500	-11.665000	22.178464	0.000216	20.859246
318.114858	-3.005600	3.876400	-11.650000	22.168221	0.000219	20.841879
319.116688	-3.040900	3.874700	-11.781000	22.159944	0.000219	20.831696
320.108654	-3.002500	3.876200	-11.637000	22.189532	0.000221	20.841879
321.110751	-2.977300	3.875800	-11.538000	22.186142	0.000220	20.834217
322.112978	-2.989900	3.876200	-11.589000	22.204363	0.000221	20.842504
323.113149	-3.015400	3.874500	-11.682000	22.185643	0.000220	20.853157
324.118100	-2.987600	3.876300	-11.580000	22.215130	0.000220	20.840956
325.110588	-3.004700	3.874600	-11.640000	22.207904	0.000222	20.861221
326.115268	-2.979500	3.874500	-11.543000	22.218194	0.000223	20.836437
327.111006	-2.999100	3.873900	-11.617000	22.216974	0.000221	20.830000
328.115390	-2.995800	3.874400	-11.606000	22.213810	0.000223	20.819246
329.112586	-3.022900	3.873800	-11.709000	22.203391	0.000222	20.843901
330.114039	-2.993200	3.875200	-11.598000	22.231755	0.000224	20.833894
331.116156	-3.002600	3.873300	-11.629000	22.205408	0.000225	20.826006
332.121708	-2.993200	3.874400	-11.595000	22.214456	0.000223	20.837910
333.116592	-2.991700	3.873700	-11.588000	22.233847	0.000225	20.803746
334.115475	-3.003500	3.873800	-11.634000	22.237061	0.000223	20.835413
335.117163	-2.985300	3.873900	-11.564000	22.225997	0.000225	20.830974
336.117029	-3.014800	3.872800	-11.675000	22.229233	0.000226	20.832317
337.117815	-3.003500	3.873400	-11.633000	22.254630	0.000227	20.832615
338.114910	-3.002200	3.873300	-11.627000	22.231124	0.000226	20.832314
339.117170	-2.990900	3.873200	-11.584000	22.244760	0.000226	20.828898
340.119471	-2.983200	3.873100	-11.553000	22.262232	0.000225	20.828373
341.118880	-3.006100	3.872000	-11.638000	22.277833	0.000228	20.843521
342.117500	-2.986000	3.872300	-11.561000	22.269256	0.000230	20.823079
343.119146	-3.019000	3.871000	-11.686000	22.267989	0.000229	20.825604
344.115208	-2.994300	3.873200	-11.595000	22.272148	0.000229	20.820759
345.120876	-2.967000	3.873500	-11.490000	22.266189	0.000229	20.811948
346.122018	-3.001800	3.871500	-11.621000	22.271771	0.000229	20.822278
347.115107	-2.994400	3.872000	-11.594000	22.289267	0.000231	20.826520
348.117977	-2.980700	3.872100	-11.540000	22.297167	0.000229	20.821628
349.118402	-2.991800	3.871100	-11.581000	22.289317	0.000229	20.813769
350.118729	-3.007000	3.870500	-11.638000	22.295000	0.000231	20.818984
351.121786	-2.972700	3.872300	-11.510000	22.284005	0.000232	20.803708
352.119230	-2.982700	3.872200	-11.549000	22.300030	0.000232	20.812167
353.118301	-2.990800	3.870100	-11.573000	22.317751	0.000232	20.794824
354.118153	-3.004500	3.869300	-11.624000	22.320266	0.000232	20.813464
355.119526	-3.019000	3.869800	-11.682000	22.322909	0.000234	20.819430
356.120537	-3.017200	3.869800	-11.675000	22.318895	0.000232	20.815885
357.119069	-2.994800	3.869900	-11.588000	22.328685	0.000232	20.804825
358.119303	-3.023000	3.869900	-11.697000	22.314430	0.000232	20.803353
359.121294	-2.998700	3.870200	-11.604000	22.340997	0.000234	20.812886
360.119486	-3.024300	3.868800	-11.700000	22.341395	0.000234	20.798586
361.116423	-2.991700	3.868200	-11.571000	22.328958	0.000235	20.792296
362.123080	-3.005400	3.869400	-11.628000	22.344810	0.000234	20.801531
363.116759	-3.008900	3.868400	-11.639000	22.347974	0.000234	20.794742
364.120779	-3.009500	3.868400	-11.641000	22.359188	0.000234	20.812609
365.117729	-2.982700	3.868000	-11.536000	22.326637	0.000237	20.793766
366.121372	-2.991600	3.867300	-11.568000	22.343982	0.000237	20.795012
367.123391	-3.012900	3.867700	-11.652000	22.340467	0.000237	20.798130
368.119166	-3.011500	3.867600	-11.647000	22.343681	0.000238	20.784279
369.125836	-3.002800	3.868600	-11.615000	22.359981	0.000239	20.797282
370.122200	-3.026800	3.866200	-11.701000	22.352677	0.000239	20.787124
371.124046	-3.006400	3.868200	-11.628000	22.368845	0.000240	20.802840
372.126492	-2.996800	3.866400	-11.586000	22.368002	0.000238	20.789667
373.122571	-3.000000	3.867000	-11.600000	22.363364	0.000239	20.785971
374.119499	-2.993900	3.866100	-11.574000	22.362568	0.000239	20.791812
375.123438	-3.003300	3.866100	-11.611000	22.364261	0.000239	20.799672
376.124454	-3.011600	3.866500	-11.643000	22.374079	0.000239	20.791959
377.128155	-2.997000	3.867000	-11.589000	22.375772	0.000239	20.803612
378.125779	-2.995700	3.866100	-11.580000	22.384123	0.000242	20.789215
379.124652	-2.991100	3.865600	-11.562000	22.392696	0.000240	20.784998
380.125747	-3.007900	3.865000	-11.625000	22.379861	0.000240	20.802491
381.125530	-2.992800	3.866100	-11.570000	22.411463	0.000243	20.792886
382.119864	-3.008300	3.865100	-11.627000	22.410739	0.000244	20.792161
383.125370	-2.992600	3.865700	-11.567000	22.412787	0.000242	20.811281
384.125786	-3.004600	3.865600	-11.613000	22.393524	0.000243	20.792940
385.121076	-2.978500	3.864200	-11.509000	22.426568	0.000247	20.799477
386.124771	-2.997200	3.864400	-11.581000	22.412138	0.000244	20.794984
387.127069	-2.993600	3.865700	-11.571000	22.434645	0.000245	20.779591
388.132431	-3.000700	3.863700	-11.593000	22.435417	0.000246	20.784157
389.127772	-3.022200	3.864300	-11.677000	22.429911	0.000247	20.779117
390.127010	-3.015700	3.863400	-11.649000	22.441503	0.000246	20.776502
391.129522	-2.995400	3.863600	-11.572000	22.449104	0.000246	20.763724
392.127490	-3.006300	3.864400	-11.616000	22.443447	0.000246	20.789354
393.126347	-2.997100	3.863400	-11.578000	22.443350	0.000246	20.797318
394.130803	-2.997500	3.863300	-11.580000	22.441880	0.000246	20.784939
395.126062	-3.006800	3.864200	-11.618000	22.453419	0.000249	20.783693
396.128659	-3.003600	3.864100	-11.604000	22.437371	0.000248	20.782795
397.128984	-3.004900	3.862800	-11.606000	22.474850	0.000250	20.785715
398.130075	-2.982300	3.864100	-11.523000	22.482353	0.000250	20.777582
399.129170	-2.985000	3.862500	-11.529000	22.474107	0.000250	20.788764
400.126705	-2.978900	3.862100	-11.505000	22.466353	0.000250	20.785740
401.126862	-3.013400	3.862600	-11.638000	22.489602	0.000250	20.781997
402.127179	-3.002000	3.861500	-11.591000	22.472561	0.000251	20.776311
403.126339	-3.019300	3.861900	-11.659000	22.484570	0.000249	20.790708
404.130252	-2.998900	3.861600	-11.580000	22.485370	0.000251	20.786293
405.131498	-2.986300	3.862500	-11.533000	22.485890	0.000251	20.779228
406.132987	-2.976400	3.861500	-11.492000	22.510710	0.000252	20.792705
407.130146	-2.987700	3.861400	-11.536000	22.488157	0.000251	20.757790
408.131057	-3.010700	3.860900	-11.623000	22.505929	0.000253	20.786494
409.131223	-3.002300	3.858900	-11.585000	22.502264	0.000252	20.774762
410.134691	-2.978400	3.861400	-11.499000	22.521502	0.000254	20.780754
411.130672	-2.978600	3.861300	-11.500000	22.501119	0.000253	20.781677
412.128573	-2.998800	3.859500	-11.573000	22.494491	0.000253	20.765081
413.131938	-2.998800	3.859600	-11.573000	22.499297	0.000253	20.769895
414.128626	-2.966700	3.860300	-11.451000	22.519010	0.000254	20.781102
415.135363	-2.980700	3.860400	-11.506000	22.507697	0.000254	20.786368
416.128958	-2.993200	3.857900	-11.546000	22.534461	0.000253	20.760067
417.129716	-3.014600	3.858100	-11.629000	22.520778	0.000254	20.780028
418.130322	-2.992500	3.857800	-11.542000	22.524694	0.000256	20.784425
419.131731	-3.015300	3.857400	-11.631000	22.525989	0.000255	20.768178
420.134363	-2.992600	3.858200	-11.545000	22.529529	0.000256	20.739479
421.134318	-2.990500	3.858500	-11.537000	22.543259	0.000254	20.769352
422.133410	-2.987300	3.858600	-11.526000	22.542140	0.000257	20.768705
423.132292	-3.019400	3.856500	-11.643000	22.544632	0.000256	20.762667
424.134465	-3.007400	3.857400	-11.600000	22.550163	0.000258	20.766784
425.134207	-3.016200	3.856600	-11.631000	22.542365	0.000258	20.770828
426.136578	-3.021100	3.856200	-11.649000	22.554603	0.000257	20.751790
427.135578	-2.981500	3.857100	-11.499000	22.588165	0.000258	20.759326
428.137218	-3.001500	3.855500	-11.571000	22.562231	0.000258	20.777922
429.135448	-3.024900	3.853900	-11.656000	22.561482	0.000260	20.761524
430.138206	-3.007400	3.855300	-11.593000	22.567790	0.000258	20.769265
431.144904	-3.009900	3.856200	-11.606000	22.558992	0.000260	20.765195
432.134147	-3.006900	3.854400	-11.588000	22.579776	0.000260	20.768942
433.135332	-3.011300	3.856200	-11.610000	22.575340	0.000261	20.766395
434.143005	-3.021800	3.854900	-11.648000	22.584237	0.000261	20.761082
435.136797	-2.992100	3.855600	-11.536000	22.581623	0.000262	20.753722
436.138075	-2.989400	3.855900	-11.526000	22.597791	0.000261	20.768019
437.135791	-2.993900	3.855400	-11.541000	22.593060	0.000261	20.763755
438.138385	-3.010900	3.853200	-11.600000	22.585435	0.000260	20.763230
439.137927	-2.998900	3.854600	-11.559000	22.578384	0.000262	20.780350
440.133557	-2.988200	3.855000	-11.519000	22.587501	0.000262	20.768618
441.135332	-3.008200	3.854400	-11.594000	22.618527	0.000264	20.760812
442.136982	-3.001000	3.854800	-11.567000	22.596051	0.000263	20.766276
443.135380	-3.002500	3.853000	-11.567000	22.601556	0.000262	20.756143
444.136938	-3.006900	3.852700	-11.583000	22.612520	0.000264	20.756218
445.136011	-2.991900	3.854200	-11.530000	22.616856	0.000265	20.752500
446.138861	-2.999100	3.852600	-11.553000	22.635917	0.000264	20.750729
447.139448	-3.001900	3.852500	-11.564000	22.639629	0.000264	20.770569
448.142488	-2.994700	3.853100	-11.538000	22.625650	0.000264	20.753722
449.137335	-3.014400	3.853700	-11.615000	22.636064	0.000265	20.747557
450.142180	-3.000000	3.851500	-11.554000	22.632327	0.000263	20.753298
451.137005	-3.019700	3.851300	-11.629000	22.602378	0.000266	20.750801
452.138535	-2.984800	3.851700	-11.495000	22.633873	0.000266	20.761958
453.141434	-3.010300	3.851800	-11.595000	22.621941	0.000267	20.751430
454.140134	-2.990300	3.851500	-11.516000	22.633346	0.000267	20.731558
455.141975	-3.014200	3.850200	-11.605000	22.640077	0.000266	20.742568
456.141036	-3.012900	3.851000	-11.602000	22.647400	0.000269	20.763180
457.140920	-3.002300	3.850900	-11.560000	22.651263	0.000266	20.743340
458.144222	-3.011300	3.850500	-11.593000	22.648275	0.000268	20.741770
459.138551	-3.004300	3.850400	-11.567000	22.659389	0.000268	20.746738
460.139553	-2.999500	3.849400	-11.545000	22.654031	0.000269	20.735207
461.142566	-3.004600	3.849400	-11.565000	22.669753	0.000268	20.751904
462.139010	-2.990000	3.850200	-11.510000	22.644241	0.000268	20.746264
463.138975	-3.003900	3.849300	-11.562000	22.665392	0.000270	20.737104
464.144257	-3.005200	3.849600	-11.568000	22.658048	0.000267	20.749188
465.141326	-3.002700	3.849300	-11.558000	22.677775	0.000268	20.770371
466.140908	-3.013500	3.848600	-11.597000	22.667142	0.000269	20.753556
467.143890	-3.028100	3.847900	-11.651000	22.684854	0.000268	20.755650
468.143331	-3.008900	3.847200	-11.575000	22.685306	0.000268	20.733342
469.144217	-3.001200	3.847300	-11.545000	22.687651	0.000271	20.739011
470.140503	-3.003300	3.847800	-11.555000	22.675817	0.000270	20.734269
471.144280	-3.007500	3.848400	-11.573000	22.682573	0.000269	20.730130
472.143310	-3.012100	3.847500	-11.587000	22.685263	0.000270	20.733773
473.145518	-2.998000	3.847100	-11.533000	22.705116	0.000271	20.758876
474.148011	-2.984100	3.848000	-11.482000	22.706388	0.000271	20.727907
475.144883	-2.992700	3.846800	-11.512000	22.692761	0.000271	20.740336
476.147304	-2.973700	3.848100	-11.442000	22.725524	0.000271	20.722418
477.147033	-3.014600	3.846900	-11.597000	22.707737	0.000272	20.721670
478.145876	-3.018900	3.845400	-11.608000	22.725674	0.000272	20.737742
479.147372	-3.009100	3.846000	-11.572000	22.726398	0.000271	20.730407
480.146092	-2.990000	3.846300	-11.500000	22.736787	0.000271	20.738917
481.147673	-3.013300	3.844200	-11.583000	22.705969	0.000272	20.728435
482.146667	-2.997200	3.845400	-11.524000	22.729192	0.000273	20.752646
483.148276	-3.014700	3.845400	-11.592000	22.738110	0.000273	20.722223
484.150366	-3.015300	3.846000	-11.596000	22.730537	0.000275	20.722698
485.150652	-2.989500	3.845600	-11.496000	22.747527	0.000274	20.729760
486.146879	-3.003400	3.845700	-11.549000	22.742323	0.000274	20.738299
487.151584	-2.995000	3.845600	-11.517000	22.748474	0.000274	20.732131
488.153879	-2.985200	3.845800	-11.479000	22.736715	0.000275	20.718929
489.152986	-2.979400	3.845300	-11.455000	22.741976	0.000275	20.720406
490.152081	-3.008500	3.844400	-11.564000	22.740505	0.000275	20.733632
491.152959	-2.994500	3.843900	-11.509000	22.738088	0.000275	20.724573
492.152953	-3.020800	3.841900	-11.605000	22.749173	0.000275	20.728090
493.153388	-3.014600	3.842800	-11.583000	22.766984	0.000276	20.726017
494.153528	-2.999300	3.843400	-11.527000	22.756671	0.000275	20.744610
495.149490	-2.985300	3.843400	-11.473000	22.760856	0.000275	20.720352
496.152122	-3.006600	3.842700	-11.552000	22.741771	0.000277	20.738220
497.153104	-3.000100	3.842900	-11.527000	22.773786	0.000275	20.723822
498.154588	-3.020600	3.841600	-11.603000	22.772711	0.000277	20.729383
499.154131	-3.008800	3.840700	-11.555000	22.784171	0.000276	20.706723
500.153921	-3.004600	3.841300	-11.540000	22.755373	0.000275	20.714385
501.154233	-3.010600	3.841300	-11.564000	22.759310	0.000278	20.752470
502.153034	-2.994100	3.842500	-11.504000	22.762548	0.000279	20.745282
503.150157	-2.982900	3.841200	-11.457000	22.791070	0.000279	20.715057
504.152820	-2.981700	3.841600	-11.454000	22.767927	0.000278	20.737394
505.154025	-2.985000	3.841000	-11.465000	22.779933	0.000278	20.708167
506.152254	-3.009500	3.839800	-11.555000	22.797023	0.000278	20.719124
507.155577	-2.993200	3.841000	-11.496000	22.808655	0.000279	20.724139
508.152213	-2.991000	3.840100	-11.485000	22.788826	0.000279	20.707118
509.151214	-2.981900	3.840600	-11.452000	22.787678	0.000278	20.711185
510.151749	-2.984200	3.839300	-11.457000	22.787700	0.000279	20.718793
511.150982	-2.980200	3.839500	-11.442000	22.817548	0.000280	20.709338
512.154716	-2.993400	3.839100	-11.491000	22.804191	0.000280	20.721089
513.156564	-2.988500	3.840600	-11.476000	22.785459	0.000280	20.723661
514.152860	-2.992700	3.839300	-11.489000	22.802147	0.000281	20.739905
515.155018	-2.992600	3.837800	-11.484000	22.803194	0.000281	20.716297
516.157214	-3.012800	3.837800	-11.561000	22.794696	0.000283	20.721060
517.157930	-2.997300	3.838700	-11.505000	22.826982	0.000282	20.711677
518.159224	-2.980400	3.837800	-11.437000	22.812406	0.000281	20.729319
519.154139	-2.997300	3.837600	-11.501000	22.821152	0.000282	20.712001
520.158035	-2.987900	3.837100	-11.463000	22.847729	0.000282	20.708753
521.156505	-3.022900	3.835800	-11.595000	22.832035	0.000283	20.712946
522.156719	-2.999600	3.837400	-11.509000	22.822992	0.000285	20.706257
523.160442	-2.986500	3.837200	-11.458000	22.850913	0.000283	20.719530
524.154198	-2.993900	3.836000	-11.484000	22.856969	0.000283	20.708053
525.159317	-3.011000	3.835300	-11.547000	22.845331	0.000283	20.713463
526.156758	-3.002500	3.835700	-11.516000	22.821963	0.000284	20.693371
527.161647	-2.982000	3.835600	-11.438000	22.853176	0.000285	20.713736
528.162441	-2.998900	3.833500	-11.495000	22.844080	0.000283	20.711261
529.160976	-3.011100	3.834100	-11.544000	22.853470	0.000284	20.708341
530.158816	-2.995300	3.833600	-11.482000	22.862037	0.000284	20.709336
531.166435	-3.016000	3.834500	-11.564000	22.846841	0.000284	20.713079
532.164230	-3.016700	3.834500	-11.567000	22.871126	0.000285	20.713227
533.163649	-3.007400	3.835000	-11.531000	22.874238	0.000284	20.715871
534.165075	-2.981800	3.833200	-11.429000	22.864751	0.000284	20.711107
535.164438	-3.020600	3.832800	-11.577000	22.856852	0.000285	20.712203
536.165273	-2.977400	3.834000	-11.414000	22.867910	0.000284	20.704789
537.161666	-3.012000	3.831700	-11.540000	22.870374	0.000286	20.725750
538.162292	-3.012300	3.832700	-11.543000	22.883453	0.000285	20.719413
539.164514	-3.007100	3.831800	-11.522000	22.877398	0.000286	20.714294
540.165237	-2.989100	3.832900	-11.456000	22.902109	0.000286	20.721982
541.161584	-3.014700	3.833200	-11.556000	22.860857	0.000286	20.697723
542.162930	-3.002300	3.831600	-11.503000	22.871596	0.000284	20.705162
543.163009	-3.009100	3.832400	-11.531000	22.889431	0.000284	20.707857
544.163936	-3.015200	3.830300	-11.548000	22.907964	0.000286	20.722632
545.167285	-2.991200	3.831200	-11.459000	22.883504	0.000289	20.706660
546.162654	-3.007900	3.830600	-11.521000	22.889258	0.000286	20.712900
547.165654	-3.028500	3.830700	-11.601000	22.894590	0.000287	20.703542
548.163653	-2.998800	3.830000	-11.483000	22.911703	0.000286	20.709782
549.163653	-2.997900	3.829800	-11.480000	22.913872	0.000288	20.708636
550.164653	-2.985000	3.830000	-11.432000	22.906601	0.000286	20.711308
551.163652	-3.000600	3.830000	-11.492000	22.906676	0.000287	20.714703
552.164814	-3.003000	3.828700	-11.497000	22.895170	0.000287	20.715030
553.166510	-3.024600	3.828600	-11.579000	22.894772	0.000288	20.706570
554.164321	-3.016800	3.827700	-11.546000	22.907325	0.000287	20.721043
555.166588	-2.999500	3.828600	-11.482000	22.917041	0.000287	20.722717
556.163437	-3.017200	3.827700	-11.549000	22.918138	0.000288	20.709591
557.165314	-2.998500	3.828500	-11.478000	22.927679	0.000287	20.702553
558.170290	-3.005500	3.828600	-11.505000	22.942827	0.000288	20.731482
559.165719	-3.021200	3.826300	-11.558000	22.925714	0.000287	20.717181
560.166164	-3.004700	3.826400	-11.497000	22.927238	0.000288	20.715389
561.168799	-2.997900	3.828500	-11.476000	22.953367	0.000288	20.724024
562.168115	-2.985100	3.826900	-11.423000	22.942482	0.000288	20.724973
563.167409	-3.008000	3.826300	-11.509000	22.963180	0.000289	20.728641
564.167778	-3.007200	3.825800	-11.505000	22.943307	0.000289	20.738602
565.167815	-2.999000	3.826300	-11.474000	22.974890	0.000288	20.707654
566.173366	-2.985400	3.825900	-11.421000	22.964353	0.000288	20.725073
567.169370	-2.982100	3.825400	-11.406000	22.953844	0.000288	20.726873
568.171632	-3.011000	3.825300	-11.517000	22.954791	0.000289	20.718812
569.170674	-2.988200	3.825700	-11.431000	22.965876	0.000290	20.728971
570.170591	-2.986400	3.825500	-11.423000	22.959175	0.000289	20.732215
571.171186	-3.001800	3.825500	-11.482000	22.958630	0.000290	20.721711
572.170186	-2.987700	3.824800	-11.427000	22.959200	0.000289	20.722756
573.170184	-3.000000	3.824100	-11.472000	22.959674	0.000287	20.710427
574.171089	-3.000700	3.825000	-11.476000	22.996687	0.000289	20.727598
575.172959	-2.976600	3.824400	-11.383000	22.991858	0.000290	20.740304
576.174233	-2.995500	3.823500	-11.452000	22.974549	0.000288	20.725331
577.176121	-2.993100	3.824600	-11.446000	22.975069	0.000289	20.741026
578.175011	-2.998700	3.822700	-11.462000	22.992607	0.000289	20.720665
579.174135	-2.990900	3.823800	-11.435000	22.988050	0.000287	20.718944
580.175133	-3.019100	3.820700	-11.534000	22.998232	0.000288	20.738156
581.173828	-2.999900	3.822500	-11.466000	22.994948	0.000289	20.737236
582.179363	-3.009900	3.821400	-11.501000	23.007977	0.000290	20.732272
583.179358	-2.992200	3.822300	-11.437000	23.001079	0.000290	20.725360
584.173995	-3.017500	3.822200	-11.533000	23.006983	0.000290	20.728431
585.180631	-3.000900	3.820100	-11.463000	23.008256	0.000289	20.733026
586.177564	-3.021800	3.820000	-11.542000	23.022152	0.000289	20.727982
587.179097	-3.011300	3.819900	-11.502000	23.041980	0.000290	20.736471
588.181854	-2.995700	3.820900	-11.445000	23.020363	0.000289	20.744682
589.180688	-2.975700	3.820400	-11.368000	23.016204	0.000291	20.735299
590.180238	-3.000800	3.819800	-11.462000	23.023700	0.000291	20.752769
591.181612	-2.996900	3.819300	-11.445000	23.037772	0.000291	20.743634
592.181563	-2.979300	3.820000	-11.379000	23.050677	0.000291	20.740443
593.181800	-2.995700	3.819800	-11.442000	23.043701	0.000289	20.730608
594.182858	-2.998100	3.818700	-11.447000	23.030505	0.000293	20.754370
595.183922	-2.991400	3.819500	-11.425000	23.052620	0.000291	20.744761
596.180683	-3.021600	3.816900	-11.532000	23.029734	0.000290	20.746960
597.183136	-2.992800	3.818200	-11.425000	23.053793	0.000292	20.735978
598.182140	-2.999800	3.817300	-11.451000	23.044676	0.000292	20.729214
599.181909	-2.997500	3.816600	-11.440000	23.055510	0.000292	20.741967
600.183506	-2.997200	3.817100	-11.439000	23.047390	0.000292	20.729088
601.181158	-3.018500	3.816500	-11.519000	23.053893	0.000291	20.751252
602.183509	-3.008600	3.816800	-11.483000	23.062984	0.000293	20.739499
603.184772	-3.007400	3.815200	-11.473000	23.066071	0.000293	20.751127
604.184371	-3.002000	3.817600	-11.459000	23.077356	0.000292	20.721181
605.183492	-3.025300	3.817000	-11.547000	23.073148	0.000294	20.754424
606.182119	-2.989000	3.814800	-11.401000	23.057804	0.000293	20.761336
607.183464	-3.013600	3.814100	-11.493000	23.065551	0.000292	20.749657
608.181084	-3.003000	3.813900	-11.452000	23.057435	0.000292	20.742473
609.188589	-3.001400	3.815600	-11.452000	23.060744	0.000293	20.745314
610.180863	-3.018500	3.815100	-11.515000	23.076983	0.000293	20.744043
611.184891	-3.020200	3.814500	-11.519000	23.087989	0.000293	20.738475
612.186009	-2.983800	3.813300	-11.378000	23.074219	0.000292	20.746963
613.188145	-2.977200	3.814800	-11.357000	23.083709	0.000294	20.770697
614.190404	-3.013600	3.813000	-11.490000	23.101464	0.000292	20.736804
615.186427	-3.020100	3.812700	-11.514000	23.098381	0.000291	20.736086
616.186491	-3.006500	3.811900	-11.460000	23.104404	0.000293	20.745440
617.183679	-3.011400	3.812600	-11.480000	23.108164	0.000295	20.761537
618.186300	-3.011900	3.812700	-11.483000	23.123783	0.000293	20.747789
619.184304	-3.020000	3.811700	-11.510000	23.119399	0.000294	20.766630
620.183004	-3.024900	3.811000	-11.527000	23.109587	0.000292	20.765808
621.186867	-2.984100	3.813900	-11.379000	23.117040	0.000292	20.754309
622.192124	-3.022300	3.812000	-11.520000	23.131282	0.000293	20.764313
623.188103	-3.006200	3.811400	-11.457000	23.118606	0.000293	20.751611
624.188680	-2.999600	3.810200	-11.428000	23.130336	0.000293	20.761942
625.183026	-3.007500	3.811900	-11.463000	23.147399	0.000294	20.767187
626.184855	-3.014400	3.812400	-11.491000	23.123166	0.000293	20.754284
627.187514	-2.994800	3.810100	-11.409000	23.153500	0.000293	20.783258
628.187882	-3.006800	3.808900	-11.452000	23.136068	0.000293	20.736865
629.187023	-2.999200	3.809400	-11.424000	23.130092	0.000294	20.771181
630.190025	-3.015900	3.809200	-11.487000	23.140674	0.000293	20.772776
631.190346	-3.011500	3.808400	-11.468000	23.146406	0.000293	20.757657
632.189635	-2.987600	3.808000	-11.376000	23.154747	0.000293	20.789724
633.189969	-2.980100	3.808500	-11.349000	23.160278	0.000292	20.794792
634.188233	-3.002800	3.809500	-11.437000	23.169519	0.000292	20.764223
635.190397	-2.995100	3.807300	-11.402000	23.168595	0.000294	20.764719
636.193449	-3.018700	3.806800	-11.492000	23.164114	0.000294	20.770660
637.187574	-3.006700	3.808200	-11.449000	23.164336	0.000293	20.768986
638.193999	-3.003400	3.806000	-11.430000	23.172233	0.000295	20.747027
639.191565	-2.995100	3.805100	-11.395000	23.133157	0.000293	20.771407
640.192364	-3.019900	3.805400	-11.490000	23.148399	0.000293	20.765344
641.196351	-3.015300	3.806000	-11.475000	23.170684	0.000293	20.780564
642.193352	-2.995300	3.806600	-11.401000	23.167720	0.000293	20.759575
643.194694	-2.988800	3.805500	-11.373000	23.171208	0.000292	20.776821
644.195113	-3.000300	3.804000	-11.412000	23.160077	0.000293	20.785582
645.192323	-3.003900	3.804700	-11.428000	23.174767	0.000293	20.777543
646.198399	-3.004500	3.803700	-11.428000	23.165232	0.000292	20.790273
647.197299	-2.974800	3.803600	-11.314000	23.171330	0.000292	20.745648
648.196273	-3.001200	3.804000	-11.416000	23.172280	0.000291	20.784533
649.198840	-2.990400	3.803800	-11.373000	23.193124	0.000292	20.777920
650.193668	-2.996600	3.802300	-11.393000	23.182786	0.000291	20.771354
651.198843	-2.988200	3.803500	-11.365000	23.209111	0.000292	20.778294
652.202937	-3.004500	3.803500	-11.427000	23.193421	0.000292	20.789124
653.195099	-2.994000	3.803400	-11.386000	23.194866	0.000291	20.783933
654.196941	-3.012000	3.802600	-11.452000	23.203530	0.000292	20.783132
655.195773	-3.007800	3.801700	-11.434000	23.209333	0.000292	20.786103
656.199121	-3.027900	3.802200	-11.512000	23.182965	0.000291	20.798086
657.198420	-2.978400	3.801900	-11.322000	23.218821	0.000293	20.786602
658.201805	-2.995200	3.802100	-11.386000	23.205272	0.000291	20.793887
659.202472	-2.994400	3.800200	-11.379000	23.211250	0.000291	20.794189
660.203111	-3.001100	3.800100	-11.403000	23.217326	0.000290	20.805019
661.199516	-2.988800	3.800700	-11.359000	23.253382	0.000292	20.772873
662.206324	-2.983800	3.800200	-11.338000	23.217824	0.000291	20.796035
663.203076	-3.009800	3.798800	-11.432000	23.231617	0.000290	20.784727
664.205156	-3.014600	3.798200	-11.450000	23.243123	0.000290	20.791516
665.205940	-2.978400	3.799500	-11.315000	23.223950	0.000292	20.800751
666.206901	-2.991400	3.799600	-11.366000	23.241127	0.000292	20.794731
667.208024	-2.986100	3.798200	-11.340000	23.234707	0.000292	20.791617
668.207820	-3.008400	3.797800	-11.424000	23.237395	0.000292	20.793837
669.207863	-3.001800	3.796900	-11.396000	23.257640	0.000291	20.792314
670.206687	-2.995500	3.798200	-11.377000	23.234456	0.000291	20.799900
671.205023	-3.016200	3.796500	-11.450000	23.249969	0.000293	20.805489
672.204450	-2.999800	3.796000	-11.387000	23.258561	0.000290	20.795608
673.206831	-2.993500	3.795000	-11.359000	23.257987	0.000291	20.782705
674.209595	-2.983000	3.796800	-11.325000	23.260278	0.000292	20.793061
675.209938	-2.996700	3.796800	-11.377000	23.282192	0.000291	20.803643
676.210705	-3.017400	3.794700	-11.450000	23.268296	0.000292	20.784501
677.210466	-3.029600	3.794600	-11.495000	23.260428	0.000290	20.809333
678.214860	-2.989000	3.795200	-11.343000	23.283285	0.000291	20.815170
679.210399	-2.991400	3.794500	-11.350000	23.285253	0.000292	20.772097
680.208567	-2.995900	3.793800	-11.364000	23.273547	0.000291	20.808256
681.213382	-3.011100	3.793700	-11.423000	23.283561	0.000290	20.785101
682.211117	-2.981000	3.794600	-11.311000	23.275465	0.000292	20.808755
683.207951	-2.985000	3.792800	-11.320000	23.289163	0.000291	20.796405
684.218080	-3.000900	3.792900	-11.381000	23.282067	0.000290	20.803992
685.212476	-3.008000	3.792700	-11.408000	23.290353	0.000290	20.814193
686.207287	-2.990000	3.793200	-11.341000	23.282511	0.000288	20.797325
687.211666	-2.994200	3.791700	-11.353000	23.293941	0.000291	20.804513
688.211734	-2.998700	3.792000	-11.369000	23.306740	0.000289	20.798374
689.218791	-3.010000	3.790500	-11.408000	23.312346	0.000291	20.802095
690.213942	-2.995200	3.790400	-11.352000	23.313038	0.000291	20.816539
691.213502	-3.002600	3.791100	-11.382000	23.323797	0.000292	20.811675
692.214246	-2.996700	3.790800	-11.359000	23.308733	0.000290	20.808431
693.213676	-2.993200	3.791700	-11.348000	23.316124	0.000290	20.823899
694.211751	-2.985000	3.791100	-11.315000	23.320657	0.000289	20.806158
695.215033	-3.009900	3.789100	-11.403000	23.319514	0.000290	20.814495
696.215008	-3.011300	3.789300	-11.410000	23.335621	0.000290	20.777533
697.220273	-2.995500	3.790400	-11.353000	23.334302	0.000290	20.822678
698.215878	-2.983800	3.789900	-11.307000	23.321579	0.000290	20.804236
699.217009	-2.994700	3.788600	-11.345000	23.331514	0.000290	20.803288
700.217860	-2.989200	3.789800	-11.327000	23.331241	0.000290	20.807282
701.217525	-2.994200	3.789100	-11.345000	23.332338	0.000291	20.818338
702.218175	-3.001700	3.789500	-11.374000	23.345133	0.000290	20.831162
703.216339	-3.006200	3.787600	-11.385000	23.348846	0.000289	20.812598
704.219223	-3.000700	3.786900	-11.362000	23.354627	0.000289	20.811280
705.217980	-3.006000	3.786100	-11.380000	23.343298	0.000289	20.812253
706.220643	-2.994500	3.788000	-11.342000	23.336452	0.000288	20.837634
707.219857	-3.021100	3.786000	-11.437000	23.368848	0.000288	20.823162
708.217212	-2.985500	3.787000	-11.305000	23.368676	0.000289	20.821567
709.221922	-3.013900	3.785200	-11.407000	23.374582	0.000290	20.821323
710.221911	-3.023800	3.784500	-11.443000	23.353963	0.000291	20.842382
711.222160	-3.009600	3.784700	-11.390000	23.379886	0.000291	20.811940
712.221823	-3.001900	3.784400	-11.359000	23.363206	0.000289	20.815137
713.225616	-3.002900	3.784500	-11.364000	23.374610	0.000289	20.831782
714.216662	-2.998400	3.784600	-11.346000	23.372223	0.000290	20.823700
715.216985	-2.991200	3.784600	-11.319000	23.392146	0.000290	20.844142
716.220127	-3.010200	3.783700	-11.388000	23.396253	0.000289	20.848258
717.218688	-2.993700	3.782900	-11.323000	23.374420	0.000287	20.826850
718.218224	-2.982300	3.782700	-11.280000	23.386921	0.000288	20.828000
719.221230	-3.001300	3.782800	-11.352000	23.395859	0.000288	20.855449
720.224231	-2.990500	3.782700	-11.311000	23.384082	0.000287	20.854551
721.225011	-3.001600	3.780900	-11.348000	23.416133	0.000288	20.840683
722.223310	-2.965200	3.782100	-11.214000	23.384387	0.000287	20.841106
723.223445	-3.006800	3.781400	-11.367000	23.399055	0.000286	20.835894
724.223556	-2.992100	3.782100	-11.315000	23.393006	0.000287	20.854486
725.218978	-3.008200	3.781300	-11.374000	23.411008	0.000286	20.844555
726.223039	-3.001000	3.780900	-11.346000	23.430955	0.000287	20.848901
727.221383	-2.979500	3.781500	-11.265000	23.419974	0.000286	20.853541
728.220718	-3.001600	3.779800	-11.344000	23.413946	0.000287	20.842759
729.222556	-3.013500	3.778400	-11.386000	23.432349	0.000287	20.857410
730.225049	-2.990900	3.780600	-11.307000	23.432349	0.000286	20.852669
731.229269	-2.963800	3.779500	-11.201000	23.420899	0.000287	20.850201
732.229940	-3.016700	3.778000	-11.395000	23.420325	0.000287	20.854842
733.228278	-3.005500	3.777400	-11.351000	23.441115	0.000286	20.858610
734.227004	-2.985800	3.779500	-11.284000	23.431657	0.000286	20.848656
735.227984	-3.005200	3.777900	-11.352000	23.454811	0.000284	20.852898
736.228806	-3.023100	3.776200	-11.415000	23.438154	0.000285	20.850901
737.231843	-3.017300	3.775900	-11.392000	23.423368	0.000286	20.848408
738.228849	-2.988300	3.777400	-11.286000	23.420999	0.000285	20.856465
739.230708	-2.978500	3.776700	-11.248000	23.449608	0.000284	20.851476
740.228036	-3.003900	3.776600	-11.344000	23.443706	0.000285	20.867370
741.231822	-3.003000	3.776400	-11.339000	23.442906	0.000286	20.847130
742.237003	-2.982900	3.775300	-11.261000	23.457252	0.000284	20.871939
743.232646	-3.010200	3.774700	-11.361000	23.465863	0.000284	20.861605
744.231059	-3.022500	3.774300	-11.406000	23.461409	0.000285	20.864726
745.235883	-3.022400	3.773700	-11.405000	23.466340	0.000287	20.872039
746.234298	-3.011000	3.775000	-11.365000	23.464817	0.000285	20.877625
747.229685	-3.018500	3.774200	-11.391000	23.464989	0.000283	20.858358
748.234398	-3.002800	3.774800	-11.334000	23.458571	0.000283	20.872787
749.230639	-3.009500	3.775300	-11.360000	23.481624	0.000284	20.874083
750.233141	-2.985100	3.773900	-11.265000	23.459141	0.000283	20.870039
751.228779	-2.972400	3.774200	-11.217000	23.474328	0.000284	20.885261
752.233769	-3.005500	3.773000	-11.339000	23.477861	0.000282	20.867941
753.233763	-2.981200	3.773700	-11.249000	23.476639	0.000282	20.890897
754.233039	-3.000700	3.772500	-11.319000	23.484459	0.000282	20.849899
755.230690	-2.980900	3.773500	-11.247000	23.466057	0.000282	20.879342
756.233346	-3.030900	3.772000	-11.431000	23.477460	0.000284	20.862798
757.233502	-3.019400	3.772300	-11.389000	23.475718	0.000281	20.878595
758.236163	-3.011100	3.770700	-11.354000	23.493418	0.000283	20.878318
759.232502	-2.994800	3.772100	-11.296000	23.466057	0.000282	20.866541
760.230360	-2.975300	3.772500	-11.224000	23.481617	0.000282	20.857482
761.237134	-3.008500	3.769000	-11.339000	23.474694	0.000281	20.859077
762.234306	-2.974000	3.770000	-11.211000	23.520452	0.000281	20.888347
763.234776	-2.975500	3.771500	-11.222000	23.489186	0.000280	20.869335
764.231290	-2.991300	3.769500	-11.274000	23.517861	0.000281	20.874371
765.234380	-3.012700	3.768700	-11.353000	23.499091	0.000282	20.856979
766.235097	-3.014800	3.768800	-11.361000	23.521298	0.000280	20.857428
767.238103	-2.985900	3.769300	-11.253000	23.521022	0.000281	20.855729
768.236245	-2.990700	3.768600	-11.270000	23.506032	0.000281	20.865359
769.235163	-3.020000	3.767800	-11.378000	23.516937	0.000279	20.873444
770.239156	-3.001700	3.767700	-11.308000	23.529335	0.000280	20.856950
771.236464	-3.001700	3.767500	-11.308000	23.506057	0.000280	20.843574
772.243336	-2.976300	3.767600	-11.213000	23.516539	0.000281	20.847443
773.239397	-3.007500	3.767900	-11.330000	23.528465	0.000280	20.849914
774.241155	-3.012900	3.765100	-11.343000	23.522835	0.000279	20.844745
775.243252	-2.988500	3.767200	-11.257000	23.515614	0.000281	20.847464
776.240757	-3.011200	3.765300	-11.337000	23.536277	0.000281	20.850632
777.242862	-2.992300	3.765800	-11.267000	23.539340	0.000278	20.837109
778.239768	-3.016100	3.764300	-11.352000	23.535728	0.000278	20.865729
779.242799	-2.995100	3.766100	-11.279000	23.530722	0.000279	20.848384
780.242258	-3.001600	3.764200	-11.298000	23.532965	0.000278	20.844469
781.244462	-2.987100	3.764400	-11.244000	23.538914	0.000278	20.852328
782.243529	-3.000900	3.764600	-11.296000	23.531643	0.000278	20.841247
783.244607	-3.000100	3.765200	-11.295000	23.543942	0.000278	20.837454
784.241088	-3.001600	3.764200	-11.298000	23.549170	0.000278	20.815194
785.245412	-2.998000	3.763400	-11.282000	23.516460	0.000276	20.826028
786.241545	-3.007400	3.762800	-11.315000	23.543619	0.000279	20.852303
787.240843	-2.995800	3.763000	-11.271000	23.541107	0.000278	20.836035
788.244135	-3.004700	3.763600	-11.307000	23.532812	0.000278	20.843840
789.242290	-2.994000	3.761400	-11.260000	23.530995	0.000275	20.827321
790.244864	-2.988600	3.763300	-11.245000	23.555939	0.000277	20.833833
791.247405	-2.997100	3.761600	-11.273000	23.547228	0.000277	20.846911
792.246390	-2.988300	3.760800	-11.237000	23.541874	0.000277	20.820683
793.243177	-3.003100	3.761000	-11.294000	23.548195	0.000276	20.835554
794.246395	-2.986000	3.760300	-11.228000	23.554269	0.000276	20.831685
795.246495	-2.980700	3.761200	-11.210000	23.549317	0.000274	20.822454
796.243329	-3.003100	3.760000	-11.290000	23.573737	0.000275	20.837450
797.241988	-2.989300	3.760700	-11.241000	23.553097	0.000274	20.821502
798.248149	-3.003000	3.759300	-11.288000	23.569602	0.000276	20.819081
799.249234	-2.987600	3.758000	-11.227000	23.560092	0.000275	20.820927
800.244585	-2.997700	3.759100	-11.268000	23.566965	0.000275	20.844886
801.247171	-2.999200	3.759100	-11.274000	23.566664	0.000274	20.828938
802.251462	-2.983900	3.758500	-11.213000	23.558770	0.000275	20.812490
803.243003	-3.015100	3.757700	-11.329000	23.579309	0.000274	20.819803
804.247795	-3.016800	3.757300	-11.334000	23.557971	0.000273	20.829232
805.246472	-3.014300	3.757700	-11.326000	23.563898	0.000274	20.819052
806.246304	-3.000200	3.756900	-11.270000	23.568602	0.000275	20.801958
807.249516	-2.999200	3.756100	-11.265000	23.597430	0.000273	20.833701
808.245747	-3.012800	3.756200	-11.315000	23.581176	0.000274	20.826890
809.249883	-3.006100	3.755200	-11.287000	23.594692	0.000272	20.800137
810.251951	-3.012400	3.756800	-11.314000	23.590933	0.000272	20.827188
811.252832	-2.978800	3.756600	-11.189000	23.588171	0.000272	20.784116
812.258291	-3.030500	3.754800	-11.377000	23.605517	0.000272	20.815256
813.251497	-3.006400	3.754700	-11.288000	23.592972	0.000272	20.836344
814.247980	-2.990400	3.754600	-11.226000	23.583065	0.000270	20.827361
815.257048	-2.999100	3.754200	-11.258000	23.583688	0.000270	20.819451
816.252830	-2.995300	3.754300	-11.244000	23.596434	0.000271	20.819900
817.251340	-3.000600	3.753400	-11.261000	23.591037	0.000270	20.821128
818.254344	-2.978400	3.753400	-11.178000	23.587124	0.000270	20.804878
819.252875	-2.998800	3.752600	-11.252000	23.599272	0.000268	20.800460
820.251760	-2.984600	3.753200	-11.202000	23.607165	0.000268	20.808847
821.247947	-3.007300	3.752700	-11.284000	23.602460	0.000270	20.818830
822.249165	-2.983200	3.752700	-11.195000	23.608161	0.000270	20.820277
823.251002	-3.004700	3.752000	-11.273000	23.599078	0.000270	20.813542
824.249359	-2.998800	3.751400	-11.249000	23.606818	0.000269	20.810396
825.248125	-3.004900	3.751800	-11.272000	23.603535	0.000269	20.800941
826.252591	-2.997200	3.750900	-11.241000	23.618051	0.000269	20.827820
827.254746	-3.005300	3.751200	-11.273000	23.593431	0.000269	20.803139
828.253705	-3.024900	3.750800	-11.345000	23.613869	0.000267	20.803714
829.255386	-2.999600	3.752200	-11.254000	23.609813	0.000268	20.814821
830.255571	-2.993200	3.749400	-11.221000	23.600729	0.000268	20.804767
831.254737	-3.023200	3.749700	-11.336000	23.614306	0.000268	20.808893
832.252235	-3.025400	3.749600	-11.343000	23.624984	0.000266	20.811537
833.253129	-3.004600	3.749400	-11.264000	23.625933	0.000267	20.805377
834.258508	-3.007700	3.749600	-11.276000	23.626058	0.000268	20.808347
835.255444	-3.016700	3.749300	-11.308000	23.630344	0.000268	20.792255
836.255860	-2.998800	3.749500	-11.243000	23.625617	0.000265	20.806957
837.256523	-3.009000	3.748600	-11.278000	23.602571	0.000265	20.806138
838.254339	-3.005900	3.747700	-11.265000	23.621916	0.000266	20.801350
839.258991	-3.015200	3.748700	-11.302000	23.635510	0.000266	20.807391
840.258208	-3.013000	3.747000	-11.288000	23.630981	0.000267	20.822291
841.254303	-3.004900	3.748200	-11.262000	23.617842	0.000265	20.803429
842.259045	-2.998700	3.748800	-11.240000	23.623295	0.000265	20.807000
843.256000	-3.006000	3.746400	-11.261000	23.627057	0.000264	20.800340
844.255751	-2.994500	3.747100	-11.220000	23.662788	0.000266	20.800599
845.263063	-3.008500	3.746000	-11.269000	23.629806	0.000264	20.801673
846.257070	-3.011200	3.745500	-11.278000	23.624108	0.000264	20.811134
847.258833	-2.991400	3.745200	-11.202000	23.639745	0.000266	20.783188
848.257139	-3.013000	3.745200	-11.283000	23.662676	0.000265	20.830832
849.256388	-2.996100	3.745100	-11.219000	23.655987	0.000265	20.811324
850.264578	-2.989400	3.745500	-11.195000	23.658176	0.000263	20.810674
851.258946	-2.998100	3.745600	-11.229000	23.633288	0.000263	20.802793
852.260988	-3.019900	3.743800	-11.306000	23.650021	0.000262	20.802024
853.261036	-3.022200	3.743400	-11.312000	23.655826	0.000264	20.788403
854.259770	-3.003400	3.744000	-11.244000	23.659659	0.000263	20.824963
855.264948	-2.994200	3.743200	-11.207000	23.644804	0.000264	20.790156
856.262334	-3.000000	3.744000	-11.231000	23.653644	0.000260	20.814665
857.265234	-2.997600	3.743100	-11.219000	23.631343	0.000261	20.813645
858.265515	-3.014800	3.741000	-11.277000	23.669878	0.000261	20.787319
859.264048	-3.005000	3.741900	-11.244000	23.658087	0.000260	20.793515
860.263849	-2.987800	3.743400	-11.183000	23.671405	0.000260	20.799280
861.263459	-2.986700	3.741900	-11.174000	23.634019	0.000261	20.820595
862.267056	-3.010800	3.741900	-11.265000	23.636585	0.000262	20.791399
863.265913	-3.000100	3.741600	-11.223000	23.646248	0.000262	20.831907
864.267230	-2.994900	3.740900	-11.202000	23.673931	0.000260	20.789485
865.264369	-2.991500	3.740900	-11.190000	23.684461	0.000260	20.798145
866.266377	-3.006300	3.740300	-11.244000	23.670050	0.000260	20.801242
867.265265	-2.986500	3.741100	-11.172000	23.660298	0.000260	20.789567
868.268667	-3.005000	3.738400	-11.232000	23.653604	0.000258	20.806091
869.262203	-2.979400	3.740100	-11.142000	23.665386	0.000258	20.789453
870.272748	-2.993000	3.739800	-11.192000	23.655403	0.000257	20.796041
871.271503	-3.000800	3.740000	-11.222000	23.679101	0.000258	20.783289
872.264842	-2.987700	3.739400	-11.171000	23.679477	0.000258	20.810693
873.270908	-2.981600	3.738100	-11.145000	23.686403	0.000259	20.804834
874.264762	-3.019500	3.737600	-11.285000	23.683791	0.000259	20.810276
875.268978	-2.990700	3.738200	-11.179000	23.675630	0.000257	20.784076
876.271372	-2.981900	3.738000	-11.145000	23.685046	0.000257	20.810585
877.269244	-2.998100	3.737000	-11.203000	23.669388	0.000256	20.792043
878.268582	-3.021800	3.736900	-11.291000	23.683681	0.000254	20.792622
879.266356	-3.007500	3.737900	-11.241000	23.681986	0.000254	20.775275
880.264956	-3.027700	3.736500	-11.312000	23.698743	0.000255	20.796817
881.266302	-3.006300	3.736300	-11.232000	23.679729	0.000253	20.796720
882.266455	-3.000000	3.736800	-11.210000	23.685777	0.000253	20.778128
883.267029	-2.994300	3.736800	-11.188000	23.698453	0.000255	20.785147
884.269941	-2.977100	3.736800	-11.124000	23.711499	0.000255	20.820511
885.267015	-2.985000	3.736800	-11.153000	23.689220	0.000253	20.790115
886.268286	-2.994700	3.735600	-11.186000	23.699575	0.000253	20.764460
887.274884	-3.009400	3.735100	-11.239000	23.698880	0.000253	20.798851
888.270777	-3.003600	3.735200	-11.217000	23.720789	0.000255	20.791893
889.270741	-3.004200	3.734900	-11.219000	23.701850	0.000252	20.787130
890.270559	-2.987300	3.736200	-11.161000	23.680693	0.000254	20.786307
891.271573	-3.014700	3.733600	-11.255000	23.689533	0.000254	20.795169
892.277098	-2.987200	3.733000	-11.149000	23.707956	0.000253	20.784242
893.272023	-2.982500	3.734100	-11.136000	23.712388	0.000253	20.782996
894.270232	-3.004400	3.733000	-11.215000	23.694542	0.000252	20.800665
895.268653	-3.015700	3.731400	-11.252000	23.696437	0.000253	20.779806
896.268460	-2.999600	3.732800	-11.196000	23.693553	0.000253	20.799200
897.274977	-2.980100	3.732800	-11.123000	23.719292	0.000251	20.784228
898.271814	-2.998100	3.731300	-11.186000	23.693482	0.000251	20.783955
899.270728	-3.004100	3.732500	-11.212000	23.697022	0.000251	20.780866
900.271650	-3.009400	3.732200	-11.231000	23.699935	0.000251	20.797537
901.272534	-3.012100	3.730800	-11.236000	23.700759	0.000248	20.783191
902.273495	-3.012200	3.730800	-11.236000	23.689759	0.000249	20.782594
903.275621	-3.002500	3.731700	-11.204000	23.727720	0.000249	20.796471
904.270783	-2.999500	3.730100	-11.188000	23.704374	0.000249	20.756943
905.273912	-3.019800	3.729700	-11.262000	23.707463	0.000250	20.789438
906.272715	-3.006700	3.728700	-11.210000	23.717520	0.000248	20.773442
907.272266	-2.998600	3.730100	-11.184000	23.713568	0.000248	20.777541
908.277397	-3.013000	3.729900	-11.237000	23.708793	0.000248	20.772279
909.272830	-3.012300	3.729700	-11.232000	23.722407	0.000250	20.777394
910.277884	-3.018200	3.729700	-11.256000	23.721662	0.000249	20.765267
911.282904	-2.986200	3.728900	-11.134000	23.714970	0.000248	20.777998
912.279589	-2.998300	3.729200	-11.180000	23.756591	0.000248	20.798390
913.277990	-2.999200	3.729300	-11.184000	23.732153	0.000246	20.771992
914.282783	-3.000500	3.729400	-11.189000	23.729885	0.000248	20.776356
915.278275	-2.994800	3.727800	-11.163000	23.715651	0.000248	20.787215
916.279435	-2.999500	3.728900	-11.184000	23.719091	0.000248	20.773594
917.279572	-3.029900	3.726300	-11.289000	23.730512	0.000247	20.780779
918.276243	-3.009600	3.728100	-11.219000	23.725615	0.000244	20.776817
919.284063	-3.021100	3.725900	-11.256000	23.735743	0.000247	20.781282
920.277851	-3.001500	3.726500	-11.184000	23.730373	0.000246	20.762621
921.279703	-3.008900	3.727000	-11.213000	23.724347	0.000245	20.777442
922.279491	-2.998500	3.726500	-11.173000	23.718772	0.000245	20.779439
923.279816	-2.995300	3.725400	-11.157000	23.734282	0.000244	20.768437
924.280745	-2.988800	3.726300	-11.137000	23.747126	0.000245	20.754761
925.279045	-2.980300	3.726100	-11.103000	23.736127	0.000242	20.758433
926.280807	-3.012800	3.723800	-11.217000	23.750888	0.000242	20.783190
927.280494	-2.976600	3.724400	-11.085000	23.733444	0.000242	20.751949
928.280438	-3.005800	3.723700	-11.192000	23.753730	0.000240	20.782245
929.276893	-2.987800	3.723900	-11.125000	23.742233	0.000241	20.775460
930.277776	-2.999200	3.723700	-11.168000	23.743204	0.000244	20.768847
931.280003	-2.990700	3.723700	-11.135000	23.724459	0.000239	20.748630
932.277766	-2.991400	3.722500	-11.134000	23.759358	0.000240	20.764181
933.281038	-3.015000	3.723400	-11.223000	23.751591	0.000242	20.758289
934.281240	-2.996900	3.723800	-11.158000	23.745397	0.000238	20.783374
935.286443	-3.025000	3.721900	-11.257000	23.762246	0.000240	20.750480
936.283515	-3.026400	3.721200	-11.261000	23.750649	0.000239	20.752603
937.284617	-3.004300	3.722800	-11.183000	23.761229	0.000240	20.750883
938.287360	-3.012600	3.721500	-11.211000	23.750799	0.000239	20.742796
939.285809	-3.014000	3.721200	-11.215000	23.756449	0.000239	20.761738
940.284042	-3.011600	3.721100	-11.206000	23.742613	0.000236	20.762565
941.291879	-2.974500	3.720500	-11.066000	23.757073	0.000236	20.763312
942.286384	-3.026600	3.720000	-11.258000	23.766958	0.000237	20.737660
943.286039	-2.996800	3.720700	-11.150000	23.759538	0.000235	20.743497
944.287286	-3.009000	3.720200	-11.194000	23.776094	0.000236	20.771951
945.287349	-3.037300	3.719900	-11.297000	23.776290	0.000235	20.745121
946.292655	-2.986500	3.719400	-11.107000	23.759416	0.000234	20.757600
947.290022	-3.004100	3.720100	-11.174000	23.755984	0.000236	20.763168
948.284987	-3.017700	3.717700	-11.218000	23.764371	0.000235	20.759249
949.285904	-3.009600	3.719200	-11.192000	23.762927	0.000235	20.738360
950.287534	-2.992700	3.718700	-11.128000	23.772138	0.000234	20.758028
951.293065	-3.009000	3.717400	-11.185000	23.772586	0.000233	20.758477
952.290134	-3.004800	3.717100	-11.168000	23.787573	0.000235	20.746476
953.287692	-3.010100	3.718000	-11.190000	23.775453	0.000234	20.754238
954.293440	-3.005700	3.718500	-11.176000	23.753050	0.000231	20.755011
955.291440	-3.018800	3.717700	-11.222000	23.795859	0.000235	20.727756
956.293073	-2.994800	3.718100	-11.134000	23.765296	0.000231	20.762073
957.296038	-2.988400	3.718300	-11.110000	23.764873	0.000232	20.748372
958.290901	-2.988500	3.716900	-11.107000	23.763282	0.000233	20.757683
959.293886	-2.996700	3.716400	-11.135000	23.772017	0.000233	20.727559
960.293367	-2.980200	3.717200	-11.077000	23.781404	0.000232	20.752619
961.294570	-2.972300	3.717900	-11.049000	23.771498	0.000230	20.758808
962.297163	-2.971500	3.716300	-11.042000	23.780282	0.000229	20.741062
963.295373	-3.011500	3.716300	-11.190000	23.791682	0.000230	20.739216
964.292628	-2.971400	3.716200	-11.042000	23.790589	0.000230	20.730059
965.297611	-2.976400	3.716600	-11.061000	23.782575	0.000233	20.735775
966.296451	-3.008200	3.714800	-11.174000	23.784345	0.000230	20.747033
967.293474	-2.997400	3.714800	-11.133000	23.777649	0.000230	20.746957
968.300041	-3.002700	3.713900	-11.150000	23.791489	0.000229	20.728590
969.295577	-2.984400	3.715300	-11.087000	23.776034	0.000230	20.709774
970.297827	-3.018200	3.714800	-11.211000	23.787007	0.000229	20.725993
971.297659	-2.981400	3.714400	-11.072000	23.773795	0.000228	20.708003
972.298524	-2.984300	3.713200	-11.079000	23.793728	0.000228	20.728939
973.302883	-3.017900	3.713600	-11.206000	23.799779	0.000229	20.748283
974.299252	-2.987700	3.713800	-11.095000	23.790572	0.000228	20.743793
975.298657	-2.993400	3.712300	-11.112000	23.782382	0.000228	20.725623
976.296048	-2.988000	3.713500	-11.095000	23.784675	0.000227	20.730768
977.299037	-2.989200	3.713000	-11.098000	23.781909	0.000227	20.734159
978.294787	-3.018000	3.711900	-11.201000	23.784772	0.000227	20.732761
979.298896	-3.018400	3.710500	-11.198000	23.779695	0.000228	20.714868
980.299448	-3.026600	3.710500	-11.229000	23.794259	0.000228	20.741800
981.303859	-2.991700	3.711700	-11.104000	23.769141	0.000227	20.723252
982.299479	-2.995700	3.711400	-11.118000	23.771183	0.000227	20.722929
983.300721	-2.974700	3.712500	-11.043000	23.820938	0.000225	20.734884
984.301537	-3.014800	3.709900	-11.183000	23.784772	0.000225	20.722803
985.297719	-2.988200	3.711000	-11.088000	23.801373	0.000225	20.728544
986.301274	-3.003500	3.710300	-11.142000	23.776983	0.000224	20.724003
987.299979	-2.969800	3.711400	-11.021000	23.794377	0.000222	20.724847
988.303507	-3.012400	3.709300	-11.173000	23.780240	0.000225	20.716362
989.309883	-3.009400	3.709300	-11.162000	23.800051	0.000223	20.729589
990.301915	-2.975500	3.710200	-11.038000	23.808417	0.000222	20.723752
991.302094	-3.005400	3.709100	-11.146000	23.803035	0.000223	20.731159
992.306050	-2.982300	3.710000	-11.063000	23.815954	0.000224	20.738422
993.304023	-3.000200	3.708300	-11.125000	23.821951	0.000222	20.730210
994.307816	-3.006700	3.708400	-11.149000	23.806496	0.000223	20.718981
995.309667	-2.996100	3.707700	-11.107000	23.817197	0.000223	20.729237
996.304459	-2.983800	3.708700	-11.065000	23.795716	0.000222	20.711017
997.312986	-3.016500	3.707400	-11.182000	23.785266	0.000221	20.719980
998.310011	-3.020100	3.706800	-11.194000	23.797310	0.000220	20.711193
999.309288	-2.998400	3.707900	-11.117000	23.797511	0.000219	20.734155
1000.309419	-2.990900	3.707700	-11.088000	23.812146	0.000220	20.711843
1001.311443	-3.007400	3.707000	-11.147000	23.816574	0.000217	20.736673
1002.310802	-3.006200	3.707100	-11.143000	23.808363	0.000218	20.725120
1003.305889	-2.999400	3.705000	-11.113000	23.803111	0.000219	20.728863
1004.309695	-2.993800	3.706000	-11.095000	23.804408	0.000218	20.724000
1005.312852	-3.003800	3.704800	-11.127000	23.817649	0.000216	20.708351
1006.308241	-3.000900	3.705800	-11.119000	23.792736	0.000216	20.725099
1007.307455	-2.999300	3.705000	-11.111000	23.821829	0.000215	20.715863
1008.316759	-2.990200	3.706700	-11.082000	23.800499	0.000217	20.730986
1009.311692	-3.000600	3.705200	-11.117000	23.809735	0.000215	20.725548
1010.311400	-2.995700	3.704000	-11.095000	23.779516	0.000216	20.746458
1011.315301	-2.989500	3.703600	-11.072000	23.832907	0.000216	20.733609
1012.309671	-3.004600	3.703400	-11.125000	23.821034	0.000214	20.729765
1013.311357	-2.986000	3.704400	-11.060000	23.801373	0.000215	20.710051
1014.311374	-3.010900	3.703000	-11.149000	23.827956	0.000215	20.740973
1015.311465	-2.999400	3.704500	-11.110000	23.811053	0.000214	20.738724
1016.314960	-2.989800	3.702600	-11.069000	23.819147	0.000214	20.729295
1017.309580	-3.023000	3.702700	-11.193000	23.812547	0.000213	20.720781
1018.309185	-2.990300	3.703100	-11.072000	23.817853	0.000214	20.741749
1019.310944	-3.010200	3.701100	-11.139000	23.823696	0.000214	20.727692
1020.311409	-3.024800	3.700600	-11.193000	23.832383	0.000215	20.734981
1021.315610	-2.967900	3.703500	-10.990000	23.823298	0.000214	20.722552
1022.310845	-3.013800	3.701800	-11.155000	23.818716	0.000213	20.717009
1023.314043	-2.971000	3.701600	-10.997000	23.828178	0.000212	20.741670
1024.315084	-3.016200	3.700400	-11.160000	23.826856	0.000214	20.730861
1025.311705	-3.008200	3.701000	-11.133000	23.836016	0.000212	20.736727
1026.317644	-3.001900	3.701200	-11.109000	23.832204	0.000213	20.734801
1027.318026	-3.002700	3.699300	-11.106000	23.842235	0.000212	20.736799
1028.312643	-2.994700	3.700700	-11.081000	23.838000	0.000212	20.718327
1029.316606	-2.985800	3.700100	-11.047000	23.823265	0.000211	20.725838
1030.318538	-2.994800	3.700300	-11.081000	23.848776	0.000211	20.737193
1031.314468	-2.990700	3.701300	-11.068000	23.837971	0.000211	20.718298
1032.321773	-3.017500	3.699500	-11.163000	23.837992	0.000213	20.727329
1033.318703	-2.982900	3.700200	-11.037000	23.846458	0.000210	20.734869
1034.319832	-3.022100	3.697500	-11.173000	23.836302	0.000211	20.726107
1035.320477	-2.999000	3.698800	-11.092000	23.825279	0.000210	20.709838
1036.318358	-2.997700	3.698800	-11.086000	23.860221	0.000213	20.728755
1037.324101	-2.999800	3.697900	-11.093000	23.847031	0.000211	20.723115
1038.316675	-3.003600	3.697700	-11.106000	23.837272	0.000210	20.720916
1039.320602	-2.996700	3.698300	-11.082000	23.844240	0.000209	20.713678
1040.324271	-2.988100	3.697500	-11.047000	23.852802	0.000210	20.736015
1041.318310	-2.999000	3.697300	-11.087000	23.841059	0.000208	20.728507
1042.321066	-2.973100	3.698000	-10.994000	23.854099	0.000209	20.745376
1043.322424	-2.985100	3.697800	-11.037000	23.833418	0.000207	20.745028
1044.322874	-3.013400	3.696300	-11.137000	23.860150	0.000207	20.717777
1045.321878	-2.989200	3.698000	-11.053000	23.843775	0.000208	20.734075
1046.319429	-2.994100	3.695900	-11.065000	23.860050	0.000208	20.760827
1047.318618	-2.960900	3.697400	-10.946000	23.859405	0.000208	20.738368
1048.320912	-2.978400	3.696700	-11.009000	23.872101	0.000207	20.725019
1049.319023	-2.969300	3.697100	-10.976000	23.849228	0.000208	20.738120
1050.322037	-3.010200	3.695200	-11.122000	23.856622	0.000206	20.732732
1051.320216	-2.988900	3.695000	-11.043000	23.851692	0.000208	20.754343
1052.324467	-2.985400	3.696400	-11.034000	23.855479	0.000206	20.714516
1053.325213	-3.006300	3.694500	-11.105000	23.846423	0.000206	20.746688
1054.326090	-3.007000	3.695700	-11.112000	23.851081	0.000206	20.735711
1055.323335	-3.006900	3.694100	-11.106000	23.852571	0.000206	20.737679
1056.324690	-3.021300	3.693600	-11.158000	23.853194	0.000204	20.756323
1057.325486	-2.969600	3.694500	-10.969000	23.875125	0.000205	20.761719
1058.324252	-2.997800	3.693600	-11.071000	23.856608	0.000202	20.748366
1059.328228	-2.971800	3.694800	-10.979000	23.877841	0.000204	20.760174
1060.323923	-3.037400	3.692900	-11.216000	23.860671	0.000204	20.741535
1061.328104	-3.005200	3.693900	-11.100000	23.864278	0.000203	20.749894
1062.329497	-3.021300	3.693000	-11.157000	23.877519	0.000201	20.752739
1063.325816	-3.006600	3.693700	-11.105000	23.890809	0.000203	20.730977
1064.328987	-3.018600	3.692200	-11.144000	23.902161	0.000202	20.740938
1065.327514	-3.009400	3.692000	-11.109000	23.897655	0.000201	20.730255
1066.327685	-2.998600	3.691500	-11.068000	23.879841	0.000201	20.754593
1067.334577	-2.976800	3.692400	-10.990000	23.875234	0.000202	20.755663
1068.328074	-3.007500	3.691300	-11.100000	23.877279	0.000200	20.776681
1069.331061	-3.013400	3.690700	-11.121000	23.889721	0.000201	20.755491
1070.335099	-3.008100	3.690900	-11.101000	23.902140	0.000200	20.754194
1071.327662	-3.000800	3.689700	-11.070000	23.894055	0.000201	20.738500
1072.330271	-3.036100	3.689500	-11.201000	23.888306	0.000200	20.750279
1073.329044	-3.020100	3.690200	-11.143000	23.911676	0.000199	20.748109
1074.331544	-2.994700	3.689900	-11.048000	23.920238	0.000198	20.760014
1075.333215	-3.027000	3.688700	-11.165000	23.887414	0.000198	20.769300
1076.330650	-2.995900	3.688900	-11.051000	23.896775	0.000199	20.753555
1077.331539	-2.996000	3.690600	-11.056000	23.895206	0.000197	20.749611
1078.328887	-2.982400	3.689500	-11.003000	23.875869	0.000197	20.761042
1079.331224	-2.987800	3.688300	-11.019000	23.885698	0.000197	20.758096
1080.328743	-2.999200	3.689100	-11.063000	23.907651	0.000197	20.739330
1081.330871	-2.962700	3.689200	-10.929000	23.903298	0.000199	20.771477
1082.331466	-2.959100	3.689800	-10.918000	23.899415	0.000196	20.758574
1083.333076	-2.995900	3.687700	-11.047000	23.901357	0.000196	20.764314
1084.332056	-2.988300	3.687800	-11.019000	23.905190	0.000196	20.761520
1085.328445	-3.012300	3.686900	-11.105000	23.911040	0.000196	20.761696
1086.332588	-2.981400	3.688200	-10.995000	23.920346	0.000196	20.744949
1087.331788	-2.990600	3.687100	-11.025000	23.905713	0.000194	20.752087
1088.329035	-2.995200	3.687000	-11.043000	23.926966	0.000194	20.766286
1089.327860	-3.013800	3.686300	-11.109000	23.912835	0.000195	20.766341
1090.331902	-2.993600	3.687300	-11.038000	23.909600	0.000193	20.767365
1091.336914	-3.026500	3.684600	-11.150000	23.916442	0.000193	20.749569
1092.332676	-3.041000	3.685000	-11.205000	23.911789	0.000195	20.746799
1093.332031	-3.016400	3.684600	-11.114000	23.932368	0.000194	20.773126
1094.334323	-2.988300	3.685800	-11.013000	23.903549	0.000195	20.757978
1095.334671	-3.031000	3.685200	-11.169000	23.916040	0.000191	20.766236
1096.335300	-3.004000	3.684200	-11.066000	23.918630	0.000191	20.757928
1097.334697	-3.005100	3.684400	-11.070000	23.918430	0.000192	20.747294
1098.331316	-3.026700	3.683700	-11.149000	23.917488	0.000191	20.749669
1099.335032	-3.011400	3.683700	-11.092000	23.936774	0.000190	20.763320
1100.334399	-3.002100	3.684400	-11.060000	23.920697	0.000190	20.767113
1101.334071	-3.017200	3.684300	-11.115000	23.946883	0.000191	20.781992
1102.339204	-3.010800	3.683800	-11.091000	23.925279	0.000191	20.757957
1103.336608	-3.002700	3.682000	-11.055000	23.923266	0.000191	20.780595
1104.336206	-2.994000	3.683600	-11.028000	23.929807	0.000189	20.768661
1105.332656	-3.015000	3.682800	-11.103000	23.931204	0.000189	20.756786
1106.333771	-3.005100	3.682800	-11.066000	23.929811	0.000188	20.774829
1107.334140	-2.997000	3.683700	-11.039000	23.927522	0.000188	20.765896
1108.336690	-3.035400	3.680800	-11.171000	23.938326	0.000187	20.782420
1109.333458	-3.017200	3.681400	-11.107000	23.962587	0.000189	20.766919
1110.339767	-2.977300	3.681700	-10.960000	23.947331	0.000190	20.777699
1111.337975	-2.979800	3.681000	-10.968000	23.946561	0.000187	20.783091
1112.332803	-2.975700	3.681200	-10.952000	23.946962	0.000186	20.771166
1113.341752	-2.983900	3.682200	-10.986000	23.951636	0.000188	20.769215
1114.339004	-2.988000	3.680200	-10.996000	23.963708	0.000187	20.781795
1115.339252	-3.000400	3.681500	-11.045000	23.943870	0.000187	20.783238
1116.335458	-2.989900	3.681500	-11.006000	23.947063	0.000187	20.780750
1117.340747	-2.982600	3.679700	-10.974000	23.958432	0.000187	20.778874
1118.340133	-2.991100	3.681400	-11.011000	23.953356	0.000185	20.776629
1119.339912	-2.980900	3.679700	-10.967000	23.951887	0.000185	20.770889
1120.340802	-3.001800	3.679200	-11.043000	23.957038	0.000184	20.776529
1121.337571	-2.973800	3.679300	-10.940000	23.945594	0.000183	20.768371
1122.339709	-2.981400	3.680300	-10.971000	23.981127	0.000183	20.784090
1123.342159	-2.995600	3.677700	-11.016000	23.976721	0.000183	20.767343
1124.342523	-2.979400	3.679100	-10.960000	23.953628	0.000184	20.786385
1125.337688	-3.008300	3.678000	-11.063000	23.963934	0.000184	20.800987
1126.342466	-2.993900	3.678200	-11.011000	23.948979	0.000182	20.773662
1127.342591	-3.001200	3.678100	-11.039000	23.939071	0.000184	20.790753
1128.339929	-3.016100	3.677500	-11.090000	23.966821	0.000183	20.778752
1129.339371	-3.002700	3.678000	-11.043000	23.977198	0.000183	20.781572
1130.338606	-2.995200	3.677500	-11.014000	23.987102	0.000180	20.782969
1131.338315	-2.998000	3.677500	-11.024000	23.960449	0.000182	20.798440
1132.341406	-2.999900	3.675500	-11.024000	23.969909	0.000181	20.799867
1133.340188	-2.988400	3.676800	-10.987000	23.986378	0.000181	20.779399
1134.340618	-3.034500	3.674900	-11.151000	23.992056	0.000182	20.803110
1135.340343	-2.984400	3.677300	-10.972000	23.978094	0.000182	20.794798
1136.342625	-3.024500	3.675300	-11.114000	23.960775	0.000180	20.788336
1137.340521	-2.990400	3.676900	-10.995000	23.978022	0.000179	20.777183
1138.343611	-3.000300	3.673900	-11.022000	23.980662	0.000180	20.791210
1139.343428	-3.006300	3.675100	-11.047000	23.981905	0.000179	20.792456
1140.343054	-3.022500	3.674200	-11.104000	23.989696	0.000178	20.780829
1141.344905	-2.993400	3.675400	-11.001000	23.974842	0.000178	20.789166
1142.349067	-2.968700	3.673500	-10.904000	24.002219	0.000178	20.795758
1143.342946	-3.008300	3.674300	-11.052000	23.990624	0.000179	20.791243
1144.345715	-3.009500	3.673100	-11.053000	23.997939	0.000177	20.800000
1145.352252	-3.022900	3.673400	-11.103000	23.993508	0.000177	20.803143
1146.345462	-2.990600	3.673500	-10.985000	23.996721	0.000177	20.782184
1147.349278	-3.018100	3.673200	-11.085000	23.987662	0.000177	20.793014
1148.349659	-3.019300	3.671700	-11.084000	23.996223	0.000177	20.790219
1149.350550	-2.998700	3.673700	-11.015000	23.973653	0.000175	20.799354
1150.353472	-2.965200	3.673200	-10.890000	23.996997	0.000174	20.815177
1151.350994	-2.985500	3.672500	-10.963000	23.987913	0.000175	20.779989
1152.347755	-2.990500	3.670800	-10.976000	24.014416	0.000175	20.809412
1153.351636	-3.003900	3.670500	-11.024000	24.004018	0.000175	20.812735
1154.352828	-3.000000	3.671000	-11.011000	24.015938	0.000174	20.814732
1155.353906	-3.004700	3.671200	-11.030000	24.001980	0.000172	20.805950
1156.351758	-3.049400	3.669100	-11.187000	24.000662	0.000173	20.824542
1157.349424	-2.994100	3.670600	-10.989000	24.013850	0.000172	20.824018
1158.353207	-2.994900	3.670600	-10.993000	24.009574	0.000173	20.813565
1159.352372	-3.034600	3.669800	-11.135000	24.001335	0.000172	20.820950
1160.353236	-3.005100	3.669400	-11.026000	23.996088	0.000170	20.813318
1161.351045	-3.003000	3.668600	-11.016000	24.004226	0.000170	20.819582
1162.353863	-3.011000	3.668700	-11.046000	24.023611	0.000171	20.815789
1163.354380	-3.019700	3.668800	-11.077000	24.005573	0.000169	20.816666
1164.354187	-3.020600	3.668500	-11.080000	24.036879	0.000170	20.817241
1165.353124	-2.996500	3.668700	-10.992000	24.026578	0.000171	20.820186
1166.359551	-3.023100	3.668100	-11.088000	24.026603	0.000169	20.820685
1167.353766	-2.994500	3.667000	-10.979000	24.029837	0.000168	20.829619
1168.356732	-3.017700	3.667700	-11.067000	24.035142	0.000171	20.846792
1169.356365	-3.025900	3.666100	-11.093000	24.023519	0.000168	20.822809
1170.353557	-3.038700	3.665000	-11.135000	24.036883	0.000168	20.818667
1171.358889	-3.014500	3.666100	-11.050000	24.049251	0.000169	20.822536
1172.356741	-2.998400	3.666200	-10.992000	24.035217	0.000165	20.833118
1173.352410	-3.016300	3.665500	-11.055000	24.039820	0.000166	20.823983
1174.359045	-3.007600	3.664700	-11.021000	24.049602	0.000166	20.826207
1175.355336	-3.022800	3.664600	-11.077000	24.042707	0.000166	20.831620
1176.358418	-3.013700	3.666100	-11.047000	24.052116	0.000166	20.830625
1177.357525	-3.011800	3.665000	-11.037000	24.058857	0.000166	20.821738
1178.357399	-2.996200	3.664400	-10.978000	24.073559	0.000164	20.814198
1179.356846	-2.997800	3.665600	-10.988000	24.059029	0.000166	20.842773
1180.357098	-3.002900	3.663500	-11.000000	24.058631	0.000165	20.827202
1181.357028	-3.010500	3.664600	-11.031000	24.044970	0.000164	20.831519
1182.363640	-3.007500	3.664300	-11.019000	24.058681	0.000163	20.822511
1183.360109	-3.010000	3.664600	-11.029000	24.056912	0.000163	20.831641
1184.361060	-3.013500	3.663700	-11.040000	24.078409	0.000163	20.827122
1185.359954	-3.008600	3.662600	-11.018000	24.074576	0.000163	20.846511
1186.360791	-2.999700	3.662300	-10.985000	24.049719	0.000165	20.843868
1187.358946	-3.019900	3.662800	-11.060000	24.072037	0.000161	20.842068
1188.360854	-2.986600	3.662500	-10.937000	24.059719	0.000163	20.835879
1189.361428	-3.006900	3.662200	-11.011000	24.068853	0.000160	20.862582
1190.363705	-3.010100	3.661900	-11.022000	24.077907	0.000161	20.846059
1191.363697	-2.995100	3.661800	-10.967000	24.072535	0.000160	20.838300
1192.360451	-2.987600	3.663100	-10.942000	24.069372	0.000160	20.845085
1193.369871	-3.002800	3.660200	-10.990000	24.062050	0.000158	20.849596
1194.367504	-2.983500	3.661800	-10.923000	24.072652	0.000160	20.814237
1195.366674	-3.010900	3.659800	-11.018000	24.078250	0.000158	20.853041
1196.364874	-3.016300	3.659300	-11.036000	24.086886	0.000159	20.835624
1197.362694	-2.985900	3.660500	-10.927000	24.085438	0.000159	20.833224
1198.363768	-3.006400	3.660100	-11.003000	24.083865	0.000158	20.836862
1199.369228	-2.990100	3.658600	-10.938000	24.096237	0.000158	20.858751
1200.366062	-3.029000	3.659000	-11.082000	24.066946	0.000159	20.840756
1201.368814	-2.989800	3.659100	-10.939000	24.076125	0.000156	20.845694
1202.369438	-2.992400	3.659100	-10.949000	24.065055	0.000159	20.843600
1203.369682	-2.994000	3.658300	-10.952000	24.093861	0.000158	20.850679
1204.375511	-2.948100	3.660500	-10.791000	24.078933	0.000155	20.843769
1205.371228	-2.975900	3.658700	-10.887000	24.091125	0.000156	20.854573
1206.371390	-2.988800	3.658500	-10.933000	24.104140	0.000155	20.860040
1207.370623	-2.988800	3.656900	-10.928000	24.061963	0.000155	20.840500
1208.370118	-3.009100	3.658300	-11.008000	24.084406	0.000155	20.853050
1209.373718	-3.039300	3.656600	-11.111000	24.102128	0.000154	20.863711
1210.367795	-3.015300	3.656300	-11.024000	24.084657	0.000152	20.874637
1211.370234	-3.014900	3.654900	-11.018000	24.092049	0.000153	20.846966
1212.369352	-3.003400	3.656100	-10.980000	24.089355	0.000154	20.846635
1213.371321	-3.008300	3.655500	-10.995000	24.111680	0.000153	20.854800
1214.370049	-2.992200	3.656600	-10.940000	24.090351	0.000153	20.830090
1215.374765	-2.982200	3.656800	-10.904000	24.099584	0.000153	20.855471
1216.368985	-2.996800	3.655000	-10.952000	24.093911	0.000152	20.847411
1217.372657	-2.994900	3.656000	-10.947000	24.104710	0.000152	20.871990
1218.372528	-3.012700	3.654400	-11.009000	24.100605	0.000150	20.862658
1219.368603	-2.968200	3.656200	-10.852000	24.091071	0.000150	20.862579
1220.376185	-2.994900	3.654900	-10.945000	24.121005	0.000150	20.859411
1221.369215	-2.981700	3.654700	-10.896000	24.132373	0.000150	20.854217
1222.373857	-2.981800	3.655400	-10.899000	24.120160	0.000148	20.856193
1223.374304	-2.990900	3.655200	-10.930000	24.139393	0.000150	20.868369
1224.371632	-2.992800	3.653700	-10.934000	24.116349	0.000149	20.868017
1225.373143	-3.034900	3.652000	-11.082000	24.126424	0.000150	20.874328
1226.373443	-3.009900	3.653000	-10.995000	24.112617	0.000149	20.853843
1227.370780	-2.987400	3.653700	-10.915000	24.121571	0.000149	20.860926
1228.373037	-3.001800	3.652300	-10.962000	24.126495	0.000150	20.855908
1229.373975	-3.013800	3.649800	-10.998000	24.126348	0.000148	20.880416
1230.371409	-3.007400	3.651500	-10.981000	24.117935	0.000149	20.863918
1231.375708	-3.022600	3.651100	-11.034000	24.124880	0.000148	20.872305
1232.376215	-2.988700	3.651100	-10.911000	24.120048	0.000148	20.876942
1233.375443	-2.993300	3.651800	-10.930000	24.146476	0.000147	20.874525
1234.373546	-3.002700	3.652000	-10.965000	24.111814	0.000145	20.884330
1235.377733	-3.013100	3.651100	-11.000000	24.142644	0.000144	20.866414
1236.383553	-3.006200	3.650000	-10.971000	24.148413	0.000147	20.863666
1237.376940	-3.015100	3.648600	-10.999000	24.150526	0.000145	20.855355
1238.378246	-2.968000	3.652000	-10.839000	24.141071	0.000145	20.860570
1239.382095	-2.990400	3.649800	-10.913000	24.136616	0.000146	20.877437
1240.375668	-2.993500	3.649800	-10.925000	24.136842	0.000145	20.868181
1241.378836	-3.004000	3.647400	-10.955000	24.149355	0.000146	20.871249
1242.378919	-2.989900	3.648500	-10.908000	24.148531	0.000143	20.850983
1243.375729	-2.999400	3.650100	-10.948000	24.146393	0.000144	20.855951
1244.379221	-2.989900	3.649200	-10.910000	24.141669	0.000144	20.868282
1245.381371	-3.010100	3.647900	-10.979000	24.171423	0.000143	20.844546
1246.379769	-2.963600	3.647600	-10.809000	24.146293	0.000143	20.856798
1247.381930	-2.985300	3.648300	-10.890000	24.150719	0.000144	20.857919
1248.379069	-2.999800	3.647400	-10.940000	24.152660	0.000142	20.859866
1249.381324	-2.967600	3.647900	-10.825000	24.157986	0.000141	20.877060
1250.379994	-2.981200	3.648600	-10.876000	24.155175	0.000141	20.867603
1251.380150	-2.986600	3.648000	-10.894000	24.139993	0.000141	20.846213
1252.381741	-3.023700	3.646600	-11.024000	24.177042	0.000141	20.853026
1253.380849	-2.992200	3.646200	-10.909000	24.147109	0.000139	20.855246
1254.376563	-3.016700	3.645600	-10.997000	24.140340	0.000139	20.847983
1255.380998	-3.006300	3.645600	-10.958000	24.166412	0.000140	20.842365
1256.380616	-3.007000	3.645500	-10.961000	24.152402	0.000138	20.852494
1257.379975	-2.982300	3.645400	-10.871000	24.153870	0.000139	20.855389
1258.383021	-3.015800	3.644300	-10.989000	24.171909	0.000139	20.827965
1259.377767	-2.993200	3.644900	-10.910000	24.174867	0.000138	20.838992
1260.376650	-2.977200	3.644100	-10.847000	24.154891	0.000139	20.835077
1261.378002	-3.001600	3.643400	-10.934000	24.156506	0.000138	20.832904
1262.376807	0.000000	0.000000	0.000000	24.160091	0.000136	20.837448
