LabVIEW Measurement	
Writer_Version	2
Reader_Version	2
Separator	Tab
Decimal_Separator	.
Multi_Headings	No
X_Columns	One
Time_Pref	Absolute
Operator	admin
Description	Clolumns are: time, Current, Voltage, Power, Battery Temp, and Chamber Temp
Date	2024/05/20
Time	16:31:59.8575258255004882812
***End_of_Header***	
	
Channels	6						
Samples	1	1	1	1	1	1	
Date	2024/06/07	2024/06/07	2024/06/07	2024/06/07	2024/06/07	2024/06/07	
Time	04:47:44.9462656974792480469	04:47:44.9533023834228515625	04:47:44.9586482048034667969	04:47:44.9157118797302246094	04:47:44.9157118797302246094	04:47:44.9157118797302246094	
X_Dimension	Time	Time	Time	Time	Time	Time	
X0	0.0000000000000000E+0	0.0000000000000000E+0	0.0000000000000000E+0	0.0000000000000000E+0	0.0000000000000000E+0	0.0000000000000000E+0	
Delta_X	1.000000	1.000000	1.000000	1.000000	1.000000	1.000000	
***End_of_Header***							
X_Value	Untitled	Untitled 1	Untitled 2	Untitled 3	Untitled 4	Untitled 5	Comment
0.000000	0.025911	4.124700	0.106930	20.959660	0.000105	21.044044
1.003272	-2.999100	4.032300	-12.092000	20.942619	0.000105	21.049285
1.997900	-3.003300	4.026300	-12.092000	20.949019	0.000106	21.014916
2.996042	-3.006400	4.022100	-12.091000	20.934348	0.000107	21.031534
4.002064	-2.997000	4.019400	-12.044000	20.960660	0.000105	21.023238
5.006204	-2.995700	4.016000	-12.030000	20.967508	0.000106	21.028189
6.007673	-2.997900	4.013900	-12.032000	20.963820	0.000106	21.029716
6.998553	-2.996700	4.012000	-12.021000	20.959316	0.000103	21.020472
8.002661	-3.007700	4.011300	-12.064000	20.982994	0.000104	21.024238
9.000173	-3.007800	4.008100	-12.054000	20.964425	0.000105	21.010885
10.005310	-3.016000	4.005100	-12.078000	20.956972	0.000104	21.016705
11.003304	-3.014000	4.004900	-12.069000	20.960554	0.000104	21.017917
12.001636	-3.005600	4.002900	-12.030000	20.978858	0.000105	21.026739
13.008440	-2.989000	4.002800	-11.964000	20.964215	0.000104	21.024422
14.005610	-3.000900	3.999100	-12.000000	20.959526	0.000102	21.019734
15.009811	-3.009600	3.999700	-12.036000	20.951282	0.000102	21.027608
16.008043	-3.009200	3.996300	-12.025000	20.980333	0.000103	21.034851
17.007028	-2.994300	3.996100	-11.965000	20.994371	0.000101	21.023289
18.010358	-2.997300	3.995300	-11.974000	20.980675	0.000103	21.011964
19.006880	-3.005200	3.993700	-12.001000	20.986391	0.000101	21.018154
20.010478	-3.004900	3.990400	-11.990000	20.987892	0.000101	21.008751
21.002446	-3.017200	3.992100	-12.044000	20.976962	0.000104	21.047124
22.006445	-3.013400	3.990600	-12.024000	20.991395	0.000103	21.023157
23.012833	-2.978400	3.989700	-11.882000	20.994055	0.000101	21.027713
24.006043	-2.994100	3.987700	-11.939000	21.005143	0.000100	21.018891
25.009701	-3.015600	3.987300	-12.023000	21.011569	0.000103	21.023421
26.014326	-3.009400	3.986900	-11.997000	21.011043	0.000101	21.020050
27.013315	-2.989500	3.985400	-11.913000	21.017390	0.000102	21.016915
27.996435	-2.999000	3.984400	-11.948000	21.010858	0.000102	21.019391
29.000625	-3.029400	3.983900	-12.068000	21.002535	9.948579E-5	21.009172
29.992780	-2.988300	3.982100	-11.898000	21.002483	0.000101	21.034245
30.994577	-2.968100	3.982900	-11.821000	21.019207	9.908977E-5	21.017785
31.994984	-2.992500	3.980600	-11.911000	21.020181	0.000101	21.029188
32.996855	-2.981800	3.982200	-11.872000	21.050942	0.000102	21.033402
33.994849	-2.999600	3.980200	-11.937000	21.038432	0.000100	21.032270
34.999476	-2.975300	3.980100	-11.841000	21.036168	9.955180E-5	21.019102
35.994561	-2.973000	3.980700	-11.833000	21.053286	9.885875E-5	21.022946
36.995067	-2.981200	3.979300	-11.862000	21.053260	0.000100	21.019128
37.998880	-3.002500	3.977300	-11.941000	21.025475	9.968381E-5	21.019786
38.994794	-2.980800	3.978300	-11.857000	21.036536	9.800069E-5	21.002878
39.999579	-3.008100	3.976600	-11.962000	21.054365	9.918877E-5	21.005537
40.996878	-2.999600	3.975200	-11.923000	21.042778	9.994783E-5	21.005801
41.997682	-2.986900	3.975900	-11.875000	21.065769	9.971681E-5	21.006986
42.997824	-3.004400	3.973800	-11.938000	21.053918	9.767066E-5	20.997979
44.019006	-2.993800	3.973800	-11.896000	21.072563	9.974981E-5	21.016151
45.018075	-3.008600	3.973500	-11.954000	21.112382	9.816570E-5	20.989603
46.016821	-2.993100	3.973100	-11.891000	21.061397	9.882575E-5	21.003562
47.015893	-3.020700	3.970900	-11.994000	21.088338	9.988182E-5	20.985468
48.013866	-3.015600	3.971100	-11.975000	21.084019	9.836371E-5	21.005800
48.997155	-3.006100	3.972200	-11.940000	21.071431	9.796768E-5	21.004115
50.017303	-3.005200	3.969300	-11.928000	21.076118	9.694461E-5	21.002640
51.019910	-3.025300	3.969800	-12.009000	21.095027	9.816570E-5	21.002113
52.017163	-3.013700	3.968500	-11.959000	21.110775	9.869374E-5	21.003166
53.031915	-3.004300	3.968200	-11.921000	21.102638	9.839671E-5	21.004509
54.020582	-3.018800	3.969100	-11.981000	21.105034	9.767066E-5	21.024446
55.019049	-2.993900	3.967300	-11.877000	21.127313	9.965081E-5	21.007854
56.019463	-3.013400	3.966300	-11.951000	21.117174	9.809969E-5	21.021417
57.002593	-3.003400	3.966000	-11.910000	21.126707	9.912277E-5	21.010092
58.024779	-3.007600	3.965500	-11.925000	21.137425	9.866073E-5	20.991893
59.005593	-2.997400	3.966000	-11.887000	21.121993	9.908977E-5	20.991630
60.004390	-2.992300	3.965300	-11.865000	21.119149	9.776967E-5	21.004904
61.004379	-3.003700	3.965300	-11.910000	21.111038	9.532749E-5	21.007222
62.008445	-2.987200	3.965000	-11.843000	21.124521	9.753865E-5	21.001269
63.004313	-3.003300	3.964400	-11.905000	21.127891	9.806669E-5	20.992788
64.005595	-3.007200	3.962600	-11.916000	21.141138	9.829771E-5	21.010777
65.008230	-2.998400	3.963800	-11.885000	21.141849	9.813270E-5	20.975458
66.005609	-2.982300	3.962700	-11.817000	21.158966	9.747265E-5	21.006326
67.010307	-2.988700	3.963200	-11.844000	21.159387	9.776967E-5	20.998688
68.006338	-2.998100	3.961900	-11.877000	21.157122	9.684560E-5	20.990734
69.026805	-2.998000	3.961600	-11.875000	21.154410	9.872674E-5	21.009354
70.031971	-2.999000	3.961800	-11.881000	21.165443	9.879274E-5	20.998582
71.020062	-3.002800	3.961700	-11.895000	21.166839	9.747265E-5	20.990497
72.011861	-2.995500	3.960000	-11.861000	21.170051	9.720863E-5	21.009828
73.011330	-2.970900	3.961000	-11.766000	21.173896	9.701061E-5	20.986651
74.011961	-3.010400	3.959300	-11.918000	21.153857	9.681260E-5	20.993157
75.008037	-2.985200	3.959300	-11.818000	21.182139	9.816570E-5	20.980199
76.012213	-2.997600	3.959600	-11.868000	21.182955	9.965081E-5	20.978171
77.008275	-2.974600	3.959400	-11.777000	21.182086	9.809969E-5	20.995790
78.028216	-3.005000	3.958600	-11.895000	21.178163	9.961780E-5	20.968637
79.029127	-2.995400	3.957800	-11.854000	21.180111	9.767066E-5	20.984808
80.031669	-2.975500	3.958500	-11.777000	21.190223	9.836371E-5	20.982596
81.037033	-3.004200	3.957200	-11.888000	21.214871	9.671359E-5	21.002033
82.009951	-2.976300	3.956700	-11.776000	21.190408	9.757165E-5	20.985625
83.030911	-3.010500	3.956400	-11.910000	21.213607	9.763766E-5	20.988443
84.010554	-2.988300	3.956700	-11.822000	21.221718	9.773667E-5	20.978066
85.013744	-2.982800	3.955600	-11.798000	21.228327	9.549250E-5	20.973773
86.011625	-2.977400	3.956300	-11.778000	21.217794	9.658158E-5	20.975564
87.010617	-3.013900	3.954600	-11.918000	21.226931	9.681260E-5	21.002244
88.013583	-2.987100	3.955200	-11.814000	21.215450	9.757165E-5	20.987442
89.014795	-2.997400	3.955300	-11.854000	21.235357	9.796768E-5	20.963738
90.013512	-3.008200	3.954900	-11.896000	21.216556	9.602054E-5	20.991866
91.014102	-3.002800	3.954300	-11.873000	21.225457	9.935378E-5	20.975643
92.034225	-3.000400	3.953800	-11.862000	21.219821	9.783567E-5	20.968584
93.038152	-2.987600	3.953400	-11.810000	21.257792	9.767066E-5	20.974800
94.034199	-2.984100	3.953200	-11.795000	21.255501	9.750565E-5	20.989575
95.027742	-2.994700	3.952600	-11.836000	21.254211	9.915577E-5	20.973588
96.034373	-2.986400	3.952800	-11.804000	21.260478	9.684560E-5	20.968005
97.035739	-2.994700	3.953800	-11.840000	21.276329	9.687860E-5	20.981964
98.029670	-2.990100	3.953300	-11.820000	21.273274	9.668059E-5	20.986968
99.031554	-2.992100	3.953200	-11.828000	21.272142	9.796768E-5	20.946486
100.033227	-3.001000	3.951300	-11.856000	21.273380	9.621856E-5	20.975221
101.031549	-2.986200	3.951000	-11.798000	21.270510	9.661458E-5	20.983254
102.037762	-2.989000	3.951300	-11.810000	21.286519	9.578952E-5	20.963712
103.031122	-3.025600	3.951400	-11.954000	21.284439	9.542650E-5	20.980120
104.031017	-3.011100	3.949900	-11.892000	21.286361	9.750565E-5	20.977776
105.018775	-3.000700	3.950300	-11.853000	21.279305	9.846272E-5	20.959814
106.014803	-2.983900	3.950100	-11.786000	21.297025	9.664759E-5	20.948619
107.014029	-3.028800	3.950000	-11.962000	21.288125	9.582253E-5	20.968162
108.014386	-3.014200	3.948500	-11.900000	21.279278	9.856173E-5	20.965002
109.012684	-2.998000	3.949400	-11.839000	21.303686	9.694461E-5	20.959076
110.014220	-3.014700	3.948900	-11.904000	21.292996	9.631756E-5	20.987731
111.015437	-3.015000	3.947800	-11.902000	21.306978	9.770366E-5	20.965213
112.014518	-3.002900	3.948800	-11.857000	21.303028	9.522848E-5	20.961262
113.034925	-2.984400	3.948700	-11.783000	21.319879	9.849572E-5	20.947777
114.016264	-2.995100	3.948100	-11.824000	21.320248	9.971681E-5	20.957153
115.031282	-2.991200	3.947200	-11.806000	21.321775	9.882575E-5	20.956311
116.019625	-3.000300	3.945900	-11.839000	21.333650	9.839671E-5	20.946855
117.016589	-3.034400	3.946700	-11.975000	21.341734	9.582253E-5	20.972009
118.018569	-3.017800	3.945500	-11.906000	21.341312	9.869374E-5	20.946460
119.023277	-2.990900	3.947500	-11.805000	21.355425	9.793468E-5	20.938295
120.019777	-3.009500	3.947200	-11.878000	21.338653	9.846272E-5	20.955652
121.020425	-3.004900	3.945100	-11.854000	21.346604	9.684560E-5	20.933265
122.019834	-2.977000	3.947800	-11.751000	21.371090	9.644957E-5	20.950648
123.021315	-3.002800	3.945400	-11.846000	21.354161	9.862773E-5	20.954098
124.022950	-2.992500	3.945100	-11.805000	21.355372	9.605354E-5	20.947250
125.022285	-2.991600	3.945700	-11.803000	21.372170	9.631756E-5	20.930867
126.022295	-2.987700	3.945300	-11.786000	21.371011	9.935378E-5	20.962421
127.021237	-3.002600	3.944500	-11.843000	21.382859	9.578952E-5	20.950094
128.023305	-3.012000	3.944800	-11.881000	21.388941	9.714262E-5	20.923466
129.023813	-3.027200	3.943300	-11.937000	21.380199	9.734064E-5	20.946012
130.038033	-3.015900	3.945000	-11.897000	21.384465	9.671359E-5	20.953598
131.041042	-3.006300	3.944400	-11.857000	21.368062	9.681260E-5	20.938137
132.044213	-2.977100	3.943600	-11.739000	21.397550	9.826471E-5	20.948198
133.024833	-2.982300	3.942500	-11.757000	21.398656	9.605354E-5	20.929392
134.023687	-2.996300	3.942800	-11.813000	21.395865	9.687860E-5	20.939401
135.024814	-2.997800	3.942700	-11.819000	21.400024	9.720863E-5	20.925546
136.040915	-2.995600	3.942300	-11.809000	21.392678	9.836371E-5	20.922938
137.025469	-2.999300	3.943000	-11.826000	21.399972	9.922178E-5	20.937346
138.024233	-2.984500	3.943100	-11.767000	21.414583	9.819870E-5	20.924466
139.026958	-3.001000	3.942600	-11.830000	21.437489	9.908977E-5	20.947855
140.025747	-3.010100	3.941100	-11.862000	21.431038	9.753865E-5	20.926705
141.026645	-2.995600	3.942300	-11.809000	21.435382	9.918877E-5	20.936740
142.027654	-3.001100	3.941300	-11.828000	21.409633	9.925478E-5	20.935159
143.024685	-3.003400	3.941700	-11.838000	21.429668	9.671359E-5	20.929601
144.026097	-3.003400	3.940700	-11.835000	21.453284	9.803369E-5	20.946116
145.026894	-3.005300	3.939800	-11.839000	21.416742	9.948579E-5	20.935633
146.028726	-3.007100	3.941000	-11.850000	21.419479	9.773667E-5	20.936002
147.028168	-3.008100	3.939700	-11.850000	21.455916	9.965081E-5	20.911769
148.027630	-3.000600	3.940400	-11.823000	21.458233	9.905676E-5	20.904605
149.025757	-3.013400	3.938600	-11.867000	21.473239	9.747265E-5	20.929101
150.029077	-3.016000	3.939900	-11.882000	21.445385	9.958480E-5	20.906923
151.045599	-2.987600	3.939500	-11.769000	21.465894	9.714262E-5	20.934078
152.030015	-3.005700	3.939700	-11.841000	21.469922	9.740664E-5	20.928152
153.036935	-3.003700	3.940400	-11.835000	21.474844	9.644957E-5	20.921225
154.030605	-3.018500	3.938800	-11.888000	21.465341	9.803369E-5	20.915509
155.048522	-3.013800	3.939600	-11.872000	21.501934	9.734064E-5	20.909926
156.051456	-2.997900	3.938600	-11.807000	21.467105	9.856173E-5	20.893569
157.044605	-3.006000	3.938400	-11.837000	21.480294	9.720863E-5	20.911979
158.048248	-2.983600	3.937700	-11.748000	21.470948	9.767066E-5	20.901681
159.047912	-2.996500	3.937600	-11.798000	21.477240	0.000101	20.914613
160.049968	-2.990500	3.938800	-11.778000	21.483953	9.915577E-5	20.907581
161.056741	-2.990500	3.939800	-11.781000	21.511095	0.000102	20.897282
162.053882	-2.993000	3.938800	-11.788000	21.529576	9.918877E-5	20.905816
163.060527	-3.006800	3.936800	-11.836000	21.504883	9.892475E-5	20.918091
164.039517	-2.982100	3.938500	-11.743000	21.512780	0.000101	20.915562
165.058345	-2.986700	3.936600	-11.757000	21.504962	0.000101	20.907739
166.035250	-3.015300	3.938000	-11.873000	21.486191	9.971681E-5	20.919302
167.036232	-2.982100	3.936600	-11.739000	21.515492	9.720863E-5	20.901207
168.050743	-2.994100	3.935700	-11.783000	21.505515	0.000101	20.908766
169.055979	-2.998700	3.937100	-11.805000	21.534947	9.948579E-5	20.910716
170.037586	-3.014800	3.936600	-11.867000	21.517493	9.846272E-5	20.894201
171.039005	-2.986100	3.937200	-11.756000	21.537211	0.000101	20.910611
172.038474	-2.964000	3.937600	-11.670000	21.540370	9.948579E-5	20.909504
173.039676	-2.970100	3.936800	-11.693000	21.525760	9.955180E-5	20.920962
174.055970	-3.014400	3.935400	-11.862000	21.524022	9.899076E-5	20.896941
175.054910	-3.010300	3.935900	-11.847000	21.552480	9.889175E-5	20.902656
176.035927	-3.004400	3.934900	-11.822000	21.552137	0.000101	20.889987
177.058757	-3.010100	3.934600	-11.843000	21.564378	0.000101	20.891330
178.059492	-3.010700	3.935300	-11.847000	21.561035	9.908977E-5	20.893201
179.058075	-2.980000	3.935600	-11.727000	21.553796	0.000102	20.890699
180.062106	-2.998400	3.935000	-11.798000	21.559693	9.915577E-5	20.898022
181.040806	-3.025100	3.934100	-11.900000	21.568275	0.000100	20.892385
182.059145	-2.973600	3.934700	-11.700000	21.577910	0.000102	20.896810
183.054291	-2.999900	3.933500	-11.800000	21.580147	0.000101	20.890989
184.052039	-3.006800	3.932900	-11.825000	21.563011	0.000100	20.884273
185.059834	-2.978600	3.933600	-11.716000	21.564748	0.000102	20.886485
186.055598	-3.009900	3.932700	-11.836000	21.579384	0.000101	20.883588
187.060473	-2.986500	3.933800	-11.747000	21.587887	0.000100	20.872657
188.066365	-2.979200	3.931900	-11.713000	21.569987	0.000101	20.881296
189.059562	-2.987000	3.934700	-11.752000	21.592020	0.000103	20.868258
190.067890	-2.994200	3.932100	-11.773000	21.588624	0.000103	20.891411
191.057319	-3.004700	3.932400	-11.815000	21.619818	0.000100	20.873790
192.061904	-2.982700	3.933200	-11.730000	21.604787	0.000102	20.895257
193.062241	-2.995300	3.932600	-11.778000	21.616054	0.000100	20.889463
194.045030	-3.003400	3.932200	-11.808000	21.587572	0.000101	20.894151
195.045732	-2.983300	3.932700	-11.732000	21.610553	0.000100	20.864519
196.049955	-2.983700	3.931400	-11.729000	21.637087	0.000101	20.881588
197.059165	-2.978600	3.933300	-11.715000	21.617792	0.000103	20.907796
198.061111	-2.989900	3.932400	-11.756000	21.626637	0.000102	20.874450
199.044054	-2.998900	3.931500	-11.789000	21.632349	0.000102	20.888700
200.046346	-2.987100	3.932300	-11.745000	21.647906	0.000102	20.873449
201.065020	-3.001600	3.930500	-11.797000	21.635929	0.000103	20.886593
202.044595	-2.994500	3.930200	-11.769000	21.655540	0.000101	20.892467
203.044481	-2.977400	3.931000	-11.703000	21.630533	0.000102	20.892572
204.042784	-2.995100	3.931400	-11.774000	21.657830	0.000103	20.893336
205.048197	-2.995000	3.930200	-11.770000	21.639167	0.000102	20.888410
206.045999	-3.000900	3.928900	-11.790000	21.647906	0.000102	20.851640
207.046005	-2.990600	3.930700	-11.754000	21.664542	0.000101	20.884881
208.046696	-2.990800	3.929400	-11.751000	21.656251	0.000102	20.885593
209.048936	-2.993500	3.929400	-11.761000	21.671571	0.000102	20.880536
210.048837	-3.012200	3.929800	-11.836000	21.659015	0.000102	20.876980
211.046292	-3.010400	3.927900	-11.823000	21.684442	0.000103	20.890097
212.050639	-3.002900	3.928500	-11.797000	21.677730	0.000102	20.890492
213.053830	-3.010100	3.928100	-11.823000	21.692497	0.000103	20.881564
214.050429	-3.013100	3.929900	-11.841000	21.689260	0.000102	20.876427
215.050254	-2.992700	3.928800	-11.757000	21.698420	0.000103	20.862836
216.054638	-3.016800	3.928400	-11.849000	21.692551	0.000103	20.881617
217.051658	-3.016400	3.927200	-11.844000	21.694629	0.000103	20.906929
218.056140	-2.998200	3.928700	-11.778000	21.713397	0.000103	20.903426
219.071717	-2.988300	3.927900	-11.737000	21.719635	0.000101	20.878377
220.067566	-2.986800	3.927900	-11.731000	21.723741	0.000103	20.890072
221.067613	-2.998100	3.926200	-11.771000	21.720714	0.000103	20.887043
222.069713	-2.980300	3.927200	-11.702000	21.711843	0.000101	20.881959
223.073456	-2.992100	3.927400	-11.751000	21.721372	0.000101	20.879642
224.068823	-2.994400	3.926700	-11.757000	21.735191	0.000103	20.888255
225.050429	-2.989700	3.926500	-11.738000	21.739007	0.000104	20.897764
226.051752	-2.995600	3.926100	-11.760000	21.733165	0.000105	20.895710
227.053269	-3.018400	3.924700	-11.845000	21.754773	0.000103	20.891258
228.072555	-2.986200	3.926000	-11.722000	21.768828	0.000104	20.891100
229.070250	-3.023900	3.925400	-11.868000	21.758748	0.000103	20.897606
230.074367	-3.015200	3.925500	-11.835000	21.764433	0.000106	20.894762
231.073103	-3.012500	3.925700	-11.825000	21.744036	0.000103	20.901374
232.071082	-2.988400	3.926700	-11.733000	21.746720	0.000103	20.913068
233.070517	-2.991500	3.925800	-11.744000	21.752906	0.000105	20.909776
234.070573	-2.988300	3.924500	-11.727000	21.735350	0.000103	20.895527
235.055328	-3.018800	3.923900	-11.845000	21.761618	0.000105	20.914227
236.055056	-3.007200	3.924000	-11.799000	21.776515	0.000102	20.905430
237.055682	-2.996000	3.924100	-11.756000	21.773093	0.000102	20.879248
238.055389	-3.005900	3.923800	-11.794000	21.766829	0.000104	20.905220
239.060713	-2.996900	3.925100	-11.762000	21.776542	0.000101	20.889337
240.072699	-3.009900	3.923000	-11.807000	21.775226	0.000103	20.900348
241.073493	-2.977700	3.925200	-11.687000	21.791307	0.000107	20.922604
242.075331	-2.989800	3.925300	-11.735000	21.778174	0.000105	20.902349
243.060627	-2.991400	3.924300	-11.739000	21.790755	0.000102	20.906406
244.058185	-2.980000	3.923200	-11.690000	21.790807	0.000104	20.889390
245.074856	-3.004600	3.924000	-11.789000	21.815678	0.000104	20.919022
246.071217	-3.006100	3.923800	-11.794000	21.808599	0.000104	20.906722
247.075609	-2.982000	3.923200	-11.698000	21.807494	0.000104	20.890444
248.078144	-2.981900	3.922900	-11.697000	21.818047	0.000105	20.908118
249.080454	-2.995200	3.922900	-11.749000	21.839260	0.000105	20.917021
250.064345	-2.987900	3.922500	-11.719000	21.825864	0.000104	20.908355
251.059058	-2.996700	3.922500	-11.753000	21.838103	0.000103	20.917285
252.061853	-2.990700	3.924100	-11.735000	21.859946	0.000105	20.894580
253.058271	-2.985400	3.921900	-11.707000	21.853183	0.000106	20.913887
254.057542	-2.992000	3.921900	-11.733000	21.845946	0.000107	20.905696
255.060761	-3.004200	3.920600	-11.777000	21.861500	0.000106	20.898979
256.061258	-2.997200	3.922100	-11.755000	21.853158	0.000104	20.907224
257.061185	-2.999800	3.920800	-11.761000	21.853078	0.000105	20.916153
258.060116	-2.981200	3.921900	-11.691000	21.866000	0.000106	20.917707
259.079093	-3.022000	3.921600	-11.850000	21.865579	0.000106	20.914441
260.062666	-3.011400	3.920100	-11.804000	21.846947	0.000106	20.923765
261.081575	-2.994600	3.921300	-11.742000	21.854606	0.000105	20.938542
262.078750	-3.005300	3.921300	-11.783000	21.846026	0.000104	20.926162
263.079162	-2.995300	3.921300	-11.744000	21.849895	0.000105	20.910122
264.080490	-3.018000	3.920200	-11.830000	21.855158	0.000104	20.911596
265.080935	-2.987800	3.921200	-11.715000	21.856975	0.000106	20.916734
266.064126	-3.004500	3.920000	-11.777000	21.877792	0.000108	20.919078
267.061770	-2.983800	3.920000	-11.695000	21.880002	0.000106	20.919868
268.061722	-2.995800	3.920100	-11.743000	21.902530	0.000106	20.932458
269.062493	-2.990100	3.919900	-11.720000	21.905583	0.000108	20.916076
270.063378	-3.010100	3.918400	-11.794000	21.893687	0.000107	20.923608
271.081613	-2.990700	3.919500	-11.722000	21.877476	0.000106	20.930614
272.077007	-3.025800	3.918400	-11.855000	21.917951	0.000107	20.925610
273.079428	-3.009900	3.917300	-11.790000	21.915030	0.000106	20.923161
274.079753	-3.002800	3.919700	-11.769000	21.915610	0.000107	20.927059
275.077745	-3.006900	3.918300	-11.781000	21.924189	0.000107	20.937069
276.081802	-3.008200	3.919100	-11.787000	21.923847	0.000108	20.945734
277.083355	-2.998400	3.920000	-11.752000	21.931136	0.000108	20.954925
278.083341	-3.019800	3.918700	-11.833000	21.939742	0.000108	20.942204
279.096473	-2.994200	3.917800	-11.730000	21.950295	0.000106	20.915787
280.085614	-3.016500	3.917900	-11.818000	21.951031	0.000106	20.932170
281.085822	-2.977900	3.918300	-11.668000	21.929900	0.000105	20.950370
282.091542	-2.998500	3.917400	-11.744000	21.953663	0.000109	20.949974
283.081995	-3.011400	3.917600	-11.797000	21.924874	0.000107	20.942021
284.085862	-3.008800	3.916900	-11.784000	21.946005	0.000107	20.950844
285.087142	-3.004100	3.916700	-11.765000	21.961794	0.000108	20.948157
286.081433	-3.022800	3.916000	-11.835000	21.962952	0.000111	20.936516
287.088038	-3.001300	3.917600	-11.757000	21.956505	0.000106	20.939071
288.083226	-3.000000	3.917100	-11.751000	21.989321	0.000108	20.950107
289.083319	-3.010100	3.915900	-11.786000	21.988216	0.000109	20.950898
290.081696	-3.009800	3.917000	-11.789000	22.002872	0.000109	20.940915
291.085552	-3.009500	3.914900	-11.781000	21.991163	0.000108	20.956692
292.089338	-2.987300	3.917500	-11.702000	21.981452	0.000110	20.940335
293.083744	-3.008700	3.914900	-11.778000	21.972111	0.000109	20.945208
294.084455	-3.002700	3.916700	-11.759000	21.967190	0.000108	20.961617
295.086793	-3.019800	3.915300	-11.823000	21.982768	0.000109	20.961090
296.086378	-3.001700	3.915500	-11.753000	22.002610	0.000109	20.944444
297.085814	-2.997200	3.915300	-11.734000	22.020004	0.000108	20.943365
298.090149	-2.992100	3.915300	-11.714000	22.008136	0.000109	20.962776
299.085889	-2.984800	3.915500	-11.686000	21.999978	0.000109	20.948448
300.068996	-2.989300	3.916200	-11.706000	21.994057	0.000111	20.959589
301.071334	-2.979200	3.915700	-11.665000	22.025819	0.000109	20.948238
302.069922	-3.018400	3.913500	-11.810000	22.034713	0.000109	20.985585
303.069603	-3.000100	3.914800	-11.744000	22.013083	0.000113	20.967253
304.074403	-3.008700	3.913900	-11.775000	22.030608	0.000109	20.971521
305.069661	-3.015600	3.913400	-11.800000	22.035003	0.000109	20.971178
306.071487	-3.005400	3.914800	-11.764000	22.027582	0.000110	20.966596
307.075442	-3.013700	3.913500	-11.793000	22.059343	0.000110	20.967570
308.068246	-2.998600	3.913700	-11.735000	22.034082	0.000112	20.954138
309.071077	-3.021800	3.914800	-11.830000	22.056921	0.000113	20.977947
310.071171	-2.966100	3.914800	-11.611000	22.042054	0.000111	20.965436
311.070505	-2.984900	3.913300	-11.680000	22.033423	0.000109	20.962012
312.071349	-2.987100	3.913900	-11.690000	22.063499	0.000111	20.964619
313.072242	-3.018600	3.911600	-11.805000	22.075393	0.000113	20.976999
314.073761	-2.984000	3.914500	-11.679000	22.078104	0.000111	20.984453
315.072752	-2.995500	3.912500	-11.719000	22.060868	0.000110	20.954401
316.073822	-3.018300	3.912500	-11.809000	22.068604	0.000110	20.958825
317.073933	-2.997600	3.912200	-11.726000	22.076893	0.000111	20.976130
318.075979	-2.995200	3.912900	-11.718000	22.085102	0.000113	20.971546
319.073222	-3.023900	3.911500	-11.827000	22.072077	0.000112	20.974628
320.075454	-3.014700	3.912600	-11.794000	22.103021	0.000110	20.982372
321.072671	-3.006300	3.911900	-11.759000	22.094627	0.000112	21.003362
322.073689	-2.991400	3.911900	-11.701000	22.099626	0.000110	20.968070
323.075665	-2.999500	3.911500	-11.732000	22.116256	0.000112	20.975708
324.073781	-3.004300	3.912300	-11.753000	22.130516	0.000110	20.992353
325.079728	-3.005100	3.912200	-11.756000	22.114755	0.000111	20.988429
326.075956	-2.993800	3.911900	-11.711000	22.120939	0.000112	20.982767
327.076701	-3.011300	3.910500	-11.775000	22.149381	0.000113	20.980896
328.075262	-3.015600	3.910100	-11.790000	22.134383	0.000112	20.980580
329.076822	-2.987000	3.911000	-11.682000	22.142303	0.000111	20.966700
330.080058	-2.999900	3.910100	-11.729000	22.135358	0.000111	20.985822
331.080841	-3.006300	3.911400	-11.758000	22.154985	0.000112	20.992194
332.075841	-3.004800	3.909600	-11.746000	22.139488	0.000113	21.008919
333.077157	-2.998000	3.910500	-11.723000	22.163378	0.000114	21.003441
334.078990	-3.000900	3.910400	-11.734000	22.162536	0.000114	21.001175
335.076432	-2.984500	3.910000	-11.669000	22.169956	0.000113	20.990114
336.077544	-2.994900	3.909700	-11.709000	22.168509	0.000113	21.008576
337.076447	-3.007400	3.909400	-11.756000	22.152986	0.000116	20.977867
338.076466	-2.990600	3.909600	-11.691000	22.184953	0.000112	21.004179
339.080149	-2.998700	3.909400	-11.722000	22.193477	0.000113	20.993274
340.078358	-3.011000	3.908800	-11.768000	22.185690	0.000113	21.015346
341.080945	-3.007900	3.908800	-11.757000	22.195266	0.000114	20.999332
342.080437	-2.994000	3.909600	-11.705000	22.198475	0.000113	21.003967
343.081458	-3.012400	3.909200	-11.775000	22.202107	0.000114	21.014713
344.080529	-2.993500	3.908100	-11.698000	22.195556	0.000114	20.990140
345.080361	-3.002000	3.908600	-11.733000	22.180506	0.000114	21.024379
346.079790	-2.983000	3.908300	-11.658000	22.186636	0.000113	21.023404
347.080510	-2.990500	3.907000	-11.683000	22.203343	0.000115	21.016425
348.081185	-2.976000	3.908400	-11.630000	22.202580	0.000116	21.006654
349.082486	-3.013200	3.907800	-11.774000	22.205527	0.000116	21.012448
350.087017	-3.005200	3.907500	-11.741000	22.192661	0.000115	21.008102
351.082781	-3.030600	3.905600	-11.835000	22.195582	0.000116	21.023826
352.086957	-2.999600	3.907400	-11.720000	22.215551	0.000114	21.019164
353.083685	-2.990900	3.907000	-11.684000	22.190134	0.000114	21.014580
354.082803	-3.008000	3.907700	-11.753000	22.212893	0.000116	21.015556
355.083132	-3.018400	3.906500	-11.791000	22.241965	0.000115	21.015266
356.082960	-3.003200	3.906100	-11.730000	22.250593	0.000114	21.032911
357.087005	-2.992600	3.905400	-11.687000	22.232599	0.000117	21.017267
358.086318	-2.982000	3.906600	-11.647000	22.247201	0.000116	21.024300
359.084518	-2.989800	3.906300	-11.678000	22.257434	0.000115	21.008470
360.085252	-2.987000	3.905800	-11.666000	22.263406	0.000114	21.041945
361.090504	-3.006600	3.905700	-11.741000	22.282006	0.000115	21.020269
362.085755	-2.988800	3.905800	-11.672000	22.271035	0.000116	21.030620
363.088693	-3.002700	3.905500	-11.726000	22.279112	0.000117	21.037283
364.085380	-2.988700	3.905000	-11.670000	22.277296	0.000115	21.038784
365.086502	-3.001600	3.906200	-11.725000	22.282400	0.000116	21.027775
366.087278	-3.011700	3.904300	-11.758000	22.279953	0.000115	21.031015
367.086394	-3.013200	3.904100	-11.762000	22.263037	0.000116	21.030672
368.090353	-3.002200	3.904500	-11.722000	22.270009	0.000115	21.031489
369.088280	-3.014300	3.904900	-11.770000	22.288083	0.000116	21.049108
370.089158	-2.999100	3.904900	-11.711000	22.304340	0.000115	21.024140
371.088416	-2.997000	3.904600	-11.701000	22.297711	0.000118	21.050688
372.091102	-2.987100	3.903400	-11.659000	22.311443	0.000119	21.038836
373.087140	-3.001900	3.903400	-11.717000	22.290424	0.000118	21.033912
374.093569	-2.994600	3.904500	-11.691000	22.304446	0.000116	21.044630
375.088670	-2.993000	3.904200	-11.685000	22.296080	0.000118	21.036730
376.089107	-2.985000	3.903200	-11.650000	22.311522	0.000117	21.046500
377.090767	-3.007100	3.903300	-11.737000	22.306497	0.000117	21.056165
378.089885	-3.023200	3.902300	-11.797000	22.319230	0.000117	21.063224
379.092065	-2.972500	3.903500	-11.602000	22.317651	0.000117	21.053110
380.089964	-2.986700	3.902600	-11.656000	22.333278	0.000117	21.063066
381.089839	-3.007200	3.902200	-11.734000	22.348904	0.000119	21.051214
382.089610	-3.004300	3.902600	-11.724000	22.352718	0.000119	21.064039
383.089774	-3.008000	3.902100	-11.737000	22.355164	0.000119	21.058904
384.092132	-3.012200	3.901500	-11.751000	22.355349	0.000118	21.047712
385.091463	-2.996200	3.901100	-11.688000	22.356900	0.000120	21.042154
386.089600	-3.018900	3.901900	-11.779000	22.355138	0.000117	21.064566
387.090844	-3.003600	3.900700	-11.716000	22.367607	0.000121	21.061406
388.091206	-3.003700	3.900200	-11.714000	22.380286	0.000118	21.040916
389.090343	-3.008900	3.901600	-11.738000	22.358295	0.000120	21.066778
390.091471	-2.993900	3.901500	-11.680000	22.376761	0.000120	21.061090
391.091453	-3.008700	3.900300	-11.734000	22.389677	0.000120	21.051266
392.092371	-2.986900	3.901900	-11.654000	22.374210	0.000122	21.058061
393.095072	-3.009800	3.900100	-11.738000	22.394070	0.000119	21.067041
394.092151	-2.995400	3.900100	-11.682000	22.359400	0.000120	21.083054
395.096017	-3.021900	3.900000	-11.785000	22.398937	0.000119	21.060063
396.094019	-3.008900	3.899400	-11.732000	22.385205	0.000120	21.065277
397.094790	-3.030900	3.900500	-11.822000	22.403539	0.000121	21.080314
398.094651	-3.001200	3.899300	-11.701000	22.425241	0.000122	21.071703
399.091768	-3.014400	3.899800	-11.755000	22.422164	0.000120	21.068148
400.096800	-2.983300	3.899100	-11.631000	22.433554	0.000120	21.094720
401.097878	-2.973400	3.901000	-11.598000	22.423690	0.000121	21.075838
402.094906	-2.984500	3.899700	-11.638000	22.422137	0.000121	21.062907
403.095139	-2.999800	3.898400	-11.693000	22.446731	0.000122	21.071887
404.098251	-2.999700	3.899000	-11.695000	22.437631	0.000121	21.076049
405.094491	-2.972700	3.899400	-11.591000	22.437605	0.000123	21.083607
406.099511	-3.011700	3.898400	-11.740000	22.432659	0.000121	21.076285
407.095398	-3.000300	3.898000	-11.693000	22.446364	0.000122	21.085740
408.097876	-3.011600	3.896700	-11.734000	22.455754	0.000123	21.076654
409.095161	-3.006600	3.897300	-11.716000	22.441524	0.000120	21.083738
410.098217	-3.003100	3.898200	-11.706000	22.445548	0.000124	21.078761
411.095649	-2.997100	3.897900	-11.682000	22.450625	0.000123	21.086688
412.101208	-2.987900	3.897700	-11.645000	22.463988	0.000124	21.088216
413.096469	-3.002200	3.897200	-11.699000	22.464356	0.000124	21.097591
414.095561	-3.016200	3.897400	-11.754000	22.477560	0.000122	21.097538
415.104003	-2.987500	3.897800	-11.644000	22.455149	0.000123	21.089321
416.096579	-2.992300	3.896700	-11.659000	22.466329	0.000122	21.087242
417.101608	-3.000700	3.896400	-11.691000	22.473167	0.000124	21.085082
418.112478	-3.012900	3.896500	-11.739000	22.465960	0.000125	21.104412
419.098242	-3.011500	3.895800	-11.731000	22.475219	0.000123	21.120792
420.116142	-2.984900	3.897200	-11.632000	22.497077	0.000124	21.094326
421.117084	-2.992800	3.895600	-11.658000	22.515857	0.000124	21.093219
422.122389	-3.030400	3.894700	-11.802000	22.530902	0.000124	21.113497
423.118621	-2.998800	3.894900	-11.679000	22.534479	0.000126	21.096221
424.114433	-2.992400	3.894900	-11.654000	22.543158	0.000123	21.094957
425.126642	-3.008200	3.896000	-11.719000	22.528272	0.000125	21.110864
426.101926	-2.979400	3.895700	-11.606000	22.559781	0.000126	21.084107
427.103153	-2.996500	3.894700	-11.670000	22.545526	0.000126	21.099698
428.105877	-3.012800	3.894200	-11.731000	22.562490	0.000125	21.097248
429.102318	-2.977400	3.895100	-11.597000	22.528535	0.000123	21.105913
430.103267	-2.995900	3.895800	-11.670000	22.545211	0.000125	21.107441
431.103909	-2.989100	3.894200	-11.640000	22.538714	0.000126	21.120845
432.106227	-2.992000	3.894200	-11.650000	22.562701	0.000127	21.141543
433.105652	-3.010300	3.892300	-11.716000	22.564173	0.000126	21.124531
434.104129	-3.013300	3.893500	-11.732000	22.552285	0.000125	21.114998
435.101478	-2.995700	3.893000	-11.661000	22.557361	0.000127	21.121503
436.102783	-2.997100	3.893400	-11.669000	22.564831	0.000125	21.130404
437.120813	-3.015600	3.893000	-11.738000	22.560939	0.000128	21.134091
438.122784	-2.999200	3.893800	-11.678000	22.575719	0.000127	21.106703
439.121947	-3.012100	3.893500	-11.727000	22.574168	0.000126	21.130272
440.106618	-3.001600	3.893700	-11.687000	22.565752	0.000127	21.098618
441.104546	-2.996300	3.892800	-11.663000	22.570670	0.000127	21.118237
442.108851	-2.995400	3.893600	-11.662000	22.577666	0.000129	21.124769
443.107150	-3.006600	3.892000	-11.701000	22.575798	0.000127	21.128587
444.108134	-3.007900	3.892500	-11.707000	22.582584	0.000127	21.132537
445.108392	-2.983900	3.893300	-11.617000	22.602704	0.000127	21.115236
446.128244	-2.992400	3.892000	-11.646000	22.612803	0.000125	21.131036
447.110422	-2.998000	3.890900	-11.664000	22.594867	0.000129	21.145309
448.130442	-3.006700	3.891100	-11.699000	22.587634	0.000129	21.106308
449.129963	-2.999800	3.890500	-11.670000	22.587029	0.000128	21.111864
450.126288	-2.993300	3.891100	-11.646000	22.592263	0.000129	21.118527
451.125177	-3.011800	3.890900	-11.718000	22.593000	0.000129	21.128271
452.129323	-3.021100	3.891600	-11.756000	22.627610	0.000129	21.119317
453.126435	-3.006900	3.889600	-11.694000	22.619247	0.000128	21.139384
454.133210	-3.006300	3.889100	-11.691000	22.630266	0.000128	21.111548
455.131349	-2.989000	3.890600	-11.629000	22.623402	0.000127	21.102305
456.109644	-3.003900	3.890300	-11.685000	22.642259	0.000127	21.126401
457.134220	-3.012400	3.888400	-11.712000	22.647755	0.000131	21.107256
458.132089	-2.997200	3.889900	-11.658000	22.654962	0.000127	21.123478
459.129282	-3.012300	3.889500	-11.716000	22.634527	0.000129	21.110600
460.133449	-2.998700	3.888400	-11.659000	22.633790	0.000130	21.119817
461.130442	-2.993600	3.888800	-11.641000	22.627926	0.000129	21.098776
462.131568	-2.996400	3.888600	-11.651000	22.649650	0.000132	21.106308
463.135305	-2.984200	3.889800	-11.606000	22.628557	0.000132	21.112681
464.132951	-3.000000	3.888100	-11.663000	22.637236	0.000130	21.102411
465.132699	-2.985400	3.887100	-11.603000	22.639997	0.000128	21.084792
466.114468	-3.000500	3.887600	-11.664000	22.651253	0.000130	21.098434
467.114909	-3.002700	3.887400	-11.672000	22.647545	0.000128	21.114156
468.114830	-3.011600	3.886700	-11.704000	22.685363	0.000131	21.101304
469.118708	-2.990700	3.888500	-11.629000	22.678973	0.000129	21.080210
470.115627	-3.005600	3.887700	-11.684000	22.684126	0.000130	21.101014
471.116666	-3.028300	3.886700	-11.769000	22.679445	0.000132	21.070728
472.115691	-3.024100	3.886400	-11.752000	22.693147	0.000130	21.099619
473.114960	-3.010900	3.885200	-11.697000	22.676737	0.000133	21.083659
474.115619	-3.004300	3.886800	-11.676000	22.685468	0.000129	21.067753
475.114939	-3.004400	3.886200	-11.675000	22.687597	0.000131	21.111126
476.117801	-3.006800	3.885400	-11.682000	22.695592	0.000133	21.083106
477.117030	-2.981900	3.886500	-11.588000	22.654908	0.000129	21.078391
478.116573	-2.987100	3.886000	-11.607000	22.684494	0.000130	21.084317
479.116693	-2.989500	3.885600	-11.615000	22.703193	0.000133	21.067015
480.118232	-2.996100	3.885300	-11.640000	22.697853	0.000132	21.092481
481.116870	-3.010100	3.884100	-11.690000	22.690806	0.000132	21.077838
482.118488	-3.008400	3.885000	-11.687000	22.702351	0.000133	21.077549
483.116621	-3.032700	3.884000	-11.778000	22.689096	0.000132	21.077548
484.118285	-3.003600	3.884300	-11.667000	22.712186	0.000134	21.089294
485.121466	-2.994800	3.883900	-11.631000	22.709372	0.000135	21.074151
486.119053	-3.002900	3.884000	-11.663000	22.728675	0.000133	21.063618
487.137421	-3.015700	3.882300	-11.707000	22.727832	0.000134	21.057559
488.117774	-2.992300	3.882800	-11.617000	22.742507	0.000133	21.080314
489.119227	-2.981900	3.882900	-11.577000	22.727675	0.000133	21.074941
490.141270	-3.001100	3.882500	-11.651000	22.754208	0.000133	21.066434
491.133761	-3.003100	3.883300	-11.661000	22.772064	0.000134	21.058244
492.118734	-3.007200	3.881800	-11.672000	22.770959	0.000133	21.062827
493.138959	-2.997800	3.882300	-11.638000	22.802593	0.000133	21.083131
494.137175	-3.008800	3.882600	-11.681000	22.771302	0.000132	21.075969
495.138573	-3.013300	3.881100	-11.694000	22.775824	0.000132	21.056796
496.127911	-3.011400	3.881600	-11.688000	22.784028	0.000131	21.078286
497.145589	-2.982500	3.881600	-11.576000	22.780347	0.000131	21.057059
498.141493	-3.015800	3.880600	-11.703000	22.787658	0.000134	21.079550
499.122510	-3.000900	3.881700	-11.648000	22.771801	0.000133	21.069358
500.139425	-2.996700	3.881000	-11.629000	22.776560	0.000135	21.063222
501.122259	-3.002300	3.879700	-11.647000	22.776639	0.000135	21.057612
502.124446	-2.997600	3.880200	-11.630000	22.788789	0.000135	21.064091
503.125815	-3.009600	3.878700	-11.672000	22.809667	0.000132	21.057033
504.126309	-3.022600	3.879800	-11.726000	22.811245	0.000137	21.054821
505.126949	-2.992200	3.880700	-11.611000	22.824787	0.000134	21.044681
506.144981	-3.012500	3.878900	-11.684000	22.828258	0.000136	21.055742
507.142857	-2.991200	3.878400	-11.600000	22.824997	0.000136	21.059113
508.142742	-3.029300	3.877600	-11.746000	22.824366	0.000134	21.058481
509.130619	-3.001100	3.879300	-11.641000	22.845875	0.000134	21.069121
510.126951	-2.988400	3.878500	-11.590000	22.824418	0.000134	21.057111
511.131167	-3.007000	3.877200	-11.658000	22.822735	0.000136	21.041679
512.150747	-2.991500	3.877800	-11.600000	22.795151	0.000133	21.061457
513.149439	-3.009800	3.877800	-11.671000	22.821894	0.000134	21.051739
514.151601	-3.019900	3.876600	-11.706000	22.817029	0.000133	21.046393
515.150477	-3.019800	3.876700	-11.705000	22.789866	0.000135	21.050949
516.129365	-2.978100	3.879100	-11.552000	22.785842	0.000135	21.054978
517.129236	-2.998400	3.876000	-11.621000	22.785974	0.000134	21.069805
518.131538	-3.010100	3.877200	-11.670000	22.823182	0.000136	21.050185
519.147419	-3.009700	3.877100	-11.668000	22.842587	0.000136	21.044970
520.147112	-3.018700	3.876000	-11.699000	22.850897	0.000134	21.053766
521.132023	-3.010900	3.876200	-11.670000	22.853289	0.000135	21.048104
522.132421	-3.017800	3.876100	-11.696000	22.842271	0.000137	21.056978
523.136141	-2.998700	3.876300	-11.623000	22.829019	0.000134	21.047023
524.133506	-2.985800	3.876400	-11.573000	22.802881	0.000135	21.058296
525.152674	-2.996100	3.875700	-11.610000	22.829019	0.000135	21.062667
526.154040	-2.997100	3.874500	-11.612000	22.803880	0.000135	21.054081
527.153547	-2.994100	3.875700	-11.604000	22.815371	0.000134	21.043310
528.133377	-2.982300	3.874500	-11.553000	22.828807	0.000136	21.044441
529.146177	-2.997000	3.874000	-11.610000	22.825284	0.000136	21.082628
530.152355	-3.009300	3.873900	-11.657000	22.825441	0.000135	21.060506
531.148283	-2.992000	3.874500	-11.591000	22.836774	0.000135	21.048154
532.133054	-3.025100	3.873900	-11.718000	22.844636	0.000137	21.025215
533.156789	-3.005200	3.873500	-11.640000	22.835774	0.000134	21.050945
534.149362	-2.974700	3.873900	-11.522000	22.854995	0.000135	21.039383
535.152957	-2.994500	3.872500	-11.595000	22.855757	0.000135	21.042043
536.153239	-2.982700	3.872600	-11.550000	22.860149	0.000135	21.061137
537.150446	-3.001300	3.871800	-11.619000	22.876398	0.000134	21.041384
538.155305	-2.986700	3.872600	-11.565000	22.850129	0.000137	21.055842
539.150036	-3.000100	3.872100	-11.615000	22.868246	0.000138	21.060714
540.152327	-2.979200	3.872900	-11.537000	22.876686	0.000136	21.031244
541.149846	-2.993300	3.871900	-11.588000	22.893041	0.000137	21.059950
542.150353	-3.006100	3.869900	-11.632000	22.886441	0.000136	21.047651
543.159475	-2.992300	3.871200	-11.583000	22.868272	0.000138	21.034193
544.157719	-2.990800	3.870500	-11.575000	22.881471	0.000138	21.042199
545.161438	-2.986700	3.871100	-11.561000	22.883311	0.000138	21.028872
546.150535	-2.994800	3.869900	-11.589000	22.883785	0.000136	21.043568
547.151383	-2.996300	3.869500	-11.593000	22.877579	0.000139	21.047307
548.157172	-3.012300	3.869100	-11.654000	22.904424	0.000137	21.034376
549.156348	-3.037800	3.868700	-11.751000	22.905029	0.000137	21.038774
550.138622	-3.007900	3.868900	-11.636000	22.945572	0.000139	21.031979
551.157008	-2.999900	3.868900	-11.605000	22.935187	0.000137	21.028687
552.158946	-3.015400	3.867600	-11.662000	22.928561	0.000138	21.023946
553.154322	-3.002900	3.867900	-11.614000	22.900375	0.000137	21.040749
554.159245	-2.988800	3.868000	-11.559000	22.928508	0.000138	21.039063
555.135916	-3.015800	3.867200	-11.662000	22.922092	0.000138	21.030267
556.137189	-3.001600	3.866600	-11.605000	22.921435	0.000139	21.034349
557.137822	-3.015300	3.867000	-11.660000	22.911627	0.000138	21.036850
558.154767	-2.984900	3.865900	-11.538000	22.912837	0.000138	21.051336
559.156645	-3.006900	3.866300	-11.625000	22.927298	0.000139	21.042592
560.157189	-3.009400	3.866600	-11.636000	22.910076	0.000141	21.031504
561.157020	-3.005900	3.866000	-11.620000	22.947937	0.000139	21.040985
562.140837	-2.988700	3.866600	-11.556000	22.923643	0.000140	21.033716
563.139691	-3.005300	3.866000	-11.617000	22.901425	0.000140	21.040853
564.139081	-2.976000	3.866500	-11.506000	22.951408	0.000140	21.016018
565.139750	-2.993000	3.865500	-11.569000	22.942284	0.000137	21.030108
566.140243	-3.002900	3.865100	-11.605000	22.950251	0.000139	21.016281
567.160509	-3.015300	3.865400	-11.654000	22.923906	0.000141	21.009802
568.162455	-3.012700	3.863500	-11.638000	22.923354	0.000140	21.016360
569.157129	-3.009700	3.863800	-11.627000	22.952775	0.000139	21.027342
570.159409	-2.994400	3.864000	-11.570000	22.904922	0.000138	21.022549
571.145007	-2.983300	3.863200	-11.524000	22.903581	0.000141	21.019784
572.144981	-2.975300	3.863300	-11.493000	22.919541	0.000142	21.012067
573.161306	-3.000200	3.861100	-11.583000	22.956377	0.000141	21.026684
574.162038	-2.994400	3.862400	-11.565000	22.967078	0.000138	21.025077
575.167395	-2.995700	3.861700	-11.567000	22.958139	0.000140	21.012331
576.164815	-3.028400	3.861900	-11.695000	22.954878	0.000140	21.011435
577.167331	-3.005400	3.861800	-11.606000	23.003728	0.000140	21.030503
578.167205	-3.010800	3.861200	-11.625000	22.996130	0.000142	21.020048
579.161604	-2.993100	3.861600	-11.557000	22.966526	0.000139	21.030688
580.165092	-3.000000	3.860800	-11.581000	23.001335	0.000140	21.044698
581.172669	-3.000400	3.862000	-11.586000	22.977989	0.000140	21.037903
582.148110	-3.007600	3.860500	-11.610000	22.965895	0.000141	21.041433
583.149113	-2.981200	3.859200	-11.505000	22.982590	0.000140	21.021180
584.167322	-3.003300	3.861100	-11.596000	23.007724	0.000139	21.007958
585.152459	-3.005900	3.859300	-11.600000	22.986060	0.000143	21.004745
586.177890	-2.998500	3.858500	-11.569000	22.964737	0.000141	21.013252
587.156600	-3.001600	3.859400	-11.583000	22.963449	0.000139	21.022391
588.154138	-3.008500	3.858100	-11.606000	23.005016	0.000139	21.015675
589.169102	-2.998900	3.858100	-11.569000	23.004306	0.000142	21.035349
590.172159	-3.013400	3.857300	-11.623000	23.002334	0.000138	21.024366
591.173277	-2.993600	3.857400	-11.546000	22.989293	0.000141	21.012725
592.177232	-3.005300	3.857400	-11.592000	22.996392	0.000139	21.003717
593.173416	-2.980100	3.856800	-11.492000	23.010458	0.000139	21.008801
594.159995	-2.994600	3.857100	-11.549000	22.994394	0.000142	21.009775
595.156416	-3.018200	3.857600	-11.642000	23.021473	0.000143	21.016991
596.159451	-3.012100	3.855300	-11.612000	23.008275	0.000138	21.007562
597.157043	-3.009800	3.855800	-11.605000	23.003148	0.000140	21.020915
598.156773	-3.013100	3.855900	-11.617000	23.015426	0.000140	21.019467
599.172570	-3.011700	3.854600	-11.608000	23.039008	0.000141	21.006113
600.178968	-2.990900	3.854900	-11.529000	23.018160	0.000140	21.001820
601.174251	-2.997200	3.854400	-11.551000	23.055203	0.000141	21.011908
602.178628	-3.003200	3.854400	-11.574000	23.035328	0.000139	21.002426
603.177503	-3.018500	3.854800	-11.635000	23.028913	0.000141	21.003585
604.179909	-2.989500	3.853900	-11.521000	23.030674	0.000142	21.012460
605.182244	-2.999000	3.853100	-11.555000	23.013375	0.000140	21.007931
606.159368	-3.009000	3.852500	-11.590000	23.020789	0.000142	21.017254
607.160570	-3.008000	3.852200	-11.585000	23.041531	0.000140	21.002952
608.159744	-2.995800	3.854200	-11.546000	23.043214	0.000140	21.009379
609.159435	-2.990100	3.852900	-11.520000	23.055912	0.000142	21.003611
610.160951	-2.991000	3.852100	-11.520000	23.073184	0.000139	20.998633
611.162037	-2.989800	3.851800	-11.515000	23.104468	0.000142	21.000582
612.159723	-3.007600	3.850500	-11.580000	23.070582	0.000140	20.980855
613.161672	-2.987300	3.849900	-11.500000	23.047026	0.000141	20.995657
614.163411	-2.997900	3.850000	-11.542000	23.056437	0.000139	21.018833
615.177969	-3.004600	3.850700	-11.569000	23.080176	0.000142	21.003268
616.181225	-3.004200	3.851000	-11.569000	23.106623	0.000141	20.990890
617.176037	-2.999800	3.849600	-11.547000	23.121739	0.000140	20.997026
618.184633	-3.012800	3.849200	-11.596000	23.106229	0.000142	20.979591
619.180391	-2.986300	3.850500	-11.497000	23.131387	0.000141	20.983462
620.183529	-2.990200	3.849600	-11.510000	23.119610	0.000142	21.004374
621.179176	-3.012300	3.846900	-11.587000	23.112643	0.000143	20.991706
622.177855	-3.006900	3.849700	-11.574000	23.099972	0.000140	20.982330
623.180394	-3.000000	3.847800	-11.542000	23.080886	0.000141	20.979801
624.163513	-3.007500	3.846500	-11.568000	23.104467	0.000142	20.974507
625.164315	-2.982400	3.848200	-11.476000	23.100603	0.000140	20.989125
626.166252	-2.995200	3.846200	-11.520000	23.102628	0.000141	20.973138
627.165577	-3.005000	3.845900	-11.556000	23.109620	0.000141	20.987729
628.163592	-2.987700	3.846000	-11.490000	23.111460	0.000140	20.982936
629.166564	-3.012900	3.844800	-11.582000	23.086539	0.000140	20.992575
630.179614	-3.022500	3.844500	-11.619000	23.103811	0.000143	20.980961
631.187463	-3.020000	3.845100	-11.612000	23.106387	0.000140	20.984016
632.171639	-3.008000	3.845400	-11.566000	23.147502	0.000143	20.967371
633.168043	-2.990000	3.844600	-11.494000	23.155730	0.000139	20.962340
634.167046	-3.005800	3.845200	-11.557000	23.165798	0.000142	20.984754
635.170371	-3.019400	3.845000	-11.609000	23.171318	0.000140	20.968951
636.168791	-3.005600	3.844200	-11.553000	23.186118	0.000140	20.962446
637.170471	-3.021100	3.842900	-11.609000	23.169715	0.000140	20.982989
638.168453	-2.998200	3.842500	-11.519000	23.161671	0.000141	20.985360
639.166317	-2.995700	3.842300	-11.510000	23.135304	0.000139	20.945668
640.167687	-3.013700	3.843100	-11.581000	23.090694	0.000142	20.986782
641.170430	-2.996500	3.842900	-11.514000	23.109753	0.000138	20.971269
642.174354	-2.993300	3.843200	-11.503000	23.139380	0.000140	20.988626
643.192595	-2.994200	3.841500	-11.501000	23.158281	0.000142	20.975326
644.190538	-3.003300	3.840800	-11.534000	23.133176	0.000141	20.974825
645.194090	-2.975200	3.842500	-11.431000	23.156440	0.000140	20.968267
646.190815	-2.987100	3.842700	-11.478000	23.144269	0.000140	20.971717
647.195255	-3.008000	3.839600	-11.548000	23.118402	0.000142	20.972823
648.189970	-3.003300	3.839600	-11.530000	23.101025	0.000141	20.963473
649.191856	-2.993700	3.839400	-11.493000	23.119348	0.000140	20.972823
650.191629	-3.020900	3.840400	-11.600000	23.108018	0.000138	20.946775
651.192145	-3.009500	3.838500	-11.551000	23.143717	0.000141	20.982068
652.193034	-2.994100	3.839300	-11.494000	23.143796	0.000138	20.964606
653.195065	-2.981700	3.839100	-11.446000	23.167902	0.000142	20.944669
654.188229	-3.006100	3.837400	-11.535000	23.192690	0.000138	20.965713
655.172441	-3.006200	3.837400	-11.535000	23.194793	0.000138	20.963078
656.199042	-3.001000	3.838300	-11.517000	23.208541	0.000140	20.970690
657.193109	-3.014400	3.837400	-11.567000	23.183701	0.000140	20.965239
658.194266	-2.994200	3.836800	-11.487000	23.188826	0.000140	20.967056
659.193257	-3.006200	3.836700	-11.533000	23.179258	0.000137	20.931393
660.191242	-2.984800	3.836600	-11.451000	23.179836	0.000141	20.965159
661.173549	-3.006000	3.836100	-11.531000	23.184278	0.000139	20.962499
662.195995	-2.989500	3.836700	-11.469000	23.197659	0.000139	20.968794
663.196273	-2.993500	3.835900	-11.482000	23.179231	0.000140	20.960761
664.195960	-2.987700	3.835200	-11.458000	23.185356	0.000138	20.946038
665.175584	-2.996100	3.834300	-11.488000	23.193637	0.000139	20.969505
666.179183	-3.010900	3.834700	-11.544000	23.226731	0.000141	20.947671
667.178381	-3.001300	3.834900	-11.509000	23.218372	0.000140	20.945932
668.178969	-2.996000	3.834000	-11.485000	23.222735	0.000141	20.961209
669.181095	-3.018300	3.833100	-11.569000	23.212063	0.000138	20.963790
670.179001	-3.019600	3.832600	-11.572000	23.219633	0.000138	20.941981
671.178820	-3.011000	3.831000	-11.535000	23.237218	0.000137	20.951068
672.180088	-3.002500	3.832100	-11.505000	23.203993	0.000138	20.939110
673.183561	-2.975700	3.832600	-11.403000	23.238191	0.000139	20.939242
674.183118	-2.984500	3.832000	-11.435000	23.239873	0.000139	20.938083
675.182037	-3.005600	3.831000	-11.513000	23.259718	0.000140	20.962235
676.204165	-3.007500	3.831400	-11.522000	23.269575	0.000139	20.941296
677.184576	-2.978500	3.831000	-11.410000	23.245314	0.000140	20.935950
678.205755	-3.011900	3.830600	-11.536000	23.240661	0.000138	20.949303
679.206104	-3.018300	3.830300	-11.560000	23.217687	0.000137	20.948565
680.209206	-3.020100	3.829700	-11.566000	23.220342	0.000138	20.958811
681.207363	-3.003400	3.828400	-11.497000	23.218265	0.000138	20.958152
682.202094	-3.009200	3.829900	-11.525000	23.217267	0.000139	20.946722
683.204222	-3.000300	3.829500	-11.488000	23.216898	0.000140	20.938293
684.201890	-2.989600	3.828800	-11.446000	23.245497	0.000138	20.942296
685.186200	-3.001000	3.827900	-11.487000	23.220368	0.000140	20.918539
686.190863	-3.015700	3.826900	-11.540000	23.197026	0.000139	20.954412
687.190182	-3.004800	3.827600	-11.500000	23.205122	0.000138	20.933131
688.186532	-3.001800	3.827300	-11.488000	23.219448	0.000139	20.940848
689.208801	-2.980600	3.827300	-11.407000	23.260427	0.000137	20.937344
690.210151	-2.995600	3.827400	-11.464000	23.256195	0.000137	20.927889
691.205669	-3.004600	3.826400	-11.496000	23.256037	0.000138	20.935316
692.202733	-3.009600	3.825800	-11.513000	23.271466	0.000139	20.931339
693.207256	-2.996900	3.825000	-11.462000	23.253067	0.000138	20.921436
694.213662	-3.008400	3.824300	-11.504000	23.258035	0.000138	20.924043
695.209426	-2.994000	3.825000	-11.452000	23.248914	0.000137	20.925334
696.208854	-3.002000	3.824800	-11.482000	23.243815	0.000139	20.900312
697.207905	-2.990700	3.825000	-11.439000	23.249203	0.000139	20.932261
698.191056	-3.027100	3.822600	-11.570000	23.264028	0.000137	20.929101
699.189699	-3.004200	3.822400	-11.483000	23.243079	0.000138	20.917591
700.195642	-2.987900	3.823100	-11.423000	23.229174	0.000137	20.944904
701.189981	-3.000700	3.822200	-11.469000	23.210826	0.000137	20.901866
702.195364	-3.003600	3.821700	-11.477000	23.203493	0.000139	20.926757
703.193021	-3.013300	3.821300	-11.513000	23.215138	0.000135	20.932736
704.211465	-2.999400	3.823100	-11.466000	23.227860	0.000139	20.928416
705.212562	-2.998900	3.821100	-11.457000	23.233617	0.000137	20.927073
706.213037	-2.994200	3.822100	-11.443000	23.243501	0.000137	20.924177
707.211757	-2.988500	3.821000	-11.418000	23.263976	0.000137	20.917196
708.209140	-3.002500	3.820600	-11.470000	23.271941	0.000136	20.912851
709.207228	-3.020000	3.819600	-11.534000	23.253805	0.000138	20.901314
710.190226	-2.988200	3.820200	-11.414000	23.262426	0.000139	20.916117
711.197625	-2.975200	3.819100	-11.362000	23.307110	0.000138	20.902105
712.194342	-3.013500	3.817700	-11.504000	23.314443	0.000135	20.921780
713.198005	-3.013400	3.819500	-11.509000	23.308976	0.000137	20.924362
714.194394	-3.008600	3.817500	-11.485000	23.332316	0.000138	20.927839
715.194396	-2.998900	3.818500	-11.451000	23.322171	0.000138	20.915776
716.194914	-3.027600	3.818200	-11.558000	23.292339	0.000136	20.923335
717.194589	-2.995000	3.818000	-11.434000	23.286478	0.000137	20.909876
718.196126	-3.021600	3.815400	-11.527000	23.276779	0.000137	20.907742
719.195430	-3.013000	3.816300	-11.496000	23.282930	0.000136	20.913432
720.197795	-2.995900	3.816400	-11.432000	23.258090	0.000135	20.914617
721.197690	-3.006000	3.815900	-11.469000	23.290263	0.000138	20.901816
722.196662	-3.002500	3.815300	-11.454000	23.283035	0.000138	20.925864
723.196478	-3.011700	3.816200	-11.493000	23.313709	0.000135	20.901132
724.215432	-3.017100	3.814300	-11.508000	23.317782	0.000137	20.926075
725.196846	-2.996600	3.814700	-11.431000	23.323224	0.000137	20.902607
726.196106	-3.022300	3.814200	-11.527000	23.362438	0.000137	20.908718
727.215605	-2.997400	3.814000	-11.431000	23.328744	0.000136	20.905769
728.197025	-2.999200	3.813700	-11.437000	23.340913	0.000134	20.921282
729.202569	-3.011800	3.811800	-11.479000	23.357918	0.000136	20.905137
730.200840	-2.995000	3.812900	-11.418000	23.330952	0.000137	20.905611
731.198596	-3.007300	3.812300	-11.464000	23.329927	0.000135	20.909325
732.200552	-2.994000	3.811100	-11.410000	23.342701	0.000138	20.920704
733.199694	-2.998700	3.811600	-11.429000	23.343490	0.000135	20.912961
734.203358	-2.982300	3.811000	-11.364000	23.328981	0.000137	20.911222
735.201813	-2.992000	3.811000	-11.401000	23.335526	0.000134	20.922996
736.203789	-3.016100	3.810100	-11.490000	23.331531	0.000133	20.927526
737.202805	-3.003900	3.809300	-11.442000	23.329140	0.000135	20.917070
738.206888	-3.007600	3.810200	-11.459000	23.321780	0.000136	20.917755
739.206593	-3.013900	3.810400	-11.484000	23.360259	0.000137	20.899897
740.225302	-3.005700	3.809600	-11.450000	23.340836	0.000135	20.904612
741.222376	-3.002600	3.810500	-11.439000	23.360444	0.000133	20.919521
742.227808	-3.005700	3.808000	-11.445000	23.347302	0.000132	20.905877
743.226442	-3.005200	3.807800	-11.443000	23.352059	0.000133	20.908747
744.219915	-2.996900	3.808500	-11.413000	23.325803	0.000135	20.909459
745.228426	-3.012900	3.808300	-11.473000	23.350509	0.000133	20.921891
746.221774	-3.008200	3.807000	-11.452000	23.350009	0.000136	20.906693
747.224845	-2.998100	3.807400	-11.413000	23.365753	0.000133	20.939539
748.228805	-3.004200	3.807300	-11.437000	23.369958	0.000134	20.910091
749.226309	-2.998100	3.807100	-11.413000	23.339943	0.000137	20.903717
750.229616	-3.009900	3.804700	-11.451000	23.330587	0.000132	20.912357
751.207717	-2.972800	3.805500	-11.312000	23.359814	0.000134	20.918416
752.204262	-3.019300	3.804900	-11.487000	23.352455	0.000132	20.916730
753.233398	-2.997100	3.804000	-11.400000	23.354768	0.000134	20.911936
754.225805	-2.999600	3.804200	-11.410000	23.365386	0.000134	20.911673
755.223734	-3.016100	3.803600	-11.471000	23.353322	0.000134	20.907642
756.223361	-3.014200	3.804800	-11.468000	23.360734	0.000132	20.924079
757.225697	-2.988300	3.803800	-11.366000	23.337632	0.000133	20.912780
758.229522	-2.992600	3.804400	-11.384000	23.344492	0.000134	20.920128
759.226566	-3.011900	3.803600	-11.455000	23.356792	0.000133	20.943833
760.228625	-2.999500	3.802500	-11.405000	23.363573	0.000130	20.910804
761.224306	-3.004600	3.803400	-11.426000	23.388410	0.000132	20.930006
762.223966	-3.008100	3.801100	-11.433000	23.392458	0.000132	20.921736
763.230085	-3.005500	3.801100	-11.424000	23.394245	0.000132	20.914992
764.226017	-3.010500	3.800600	-11.441000	23.405730	0.000133	20.905168
765.226406	-2.993600	3.801200	-11.379000	23.387412	0.000132	20.916204
766.209103	-3.023800	3.801100	-11.493000	23.395875	0.000130	20.919471
767.230538	-3.007200	3.800600	-11.429000	23.421972	0.000132	20.908645
768.229577	-2.989700	3.799100	-11.357000	23.414088	0.000131	20.927768
769.210534	-2.996100	3.800100	-11.385000	23.436689	0.000133	20.924344
770.231666	-3.012500	3.798400	-11.442000	23.451275	0.000131	20.913360
771.224252	-3.007000	3.799800	-11.424000	23.423918	0.000133	20.937145
772.229760	-2.970000	3.799000	-11.282000	23.394772	0.000130	20.934485
773.223518	-3.012000	3.799000	-11.441000	23.419239	0.000133	20.912544
774.232467	-3.006100	3.798100	-11.416000	23.381788	0.000131	20.928110
775.233356	-3.006500	3.798100	-11.418000	23.396795	0.000131	20.922764
776.231144	-3.001500	3.797500	-11.397000	23.417348	0.000130	20.939094
777.232454	-2.993300	3.797700	-11.366000	23.404365	0.000133	20.934617
778.228198	-3.016400	3.796500	-11.450000	23.419897	0.000129	20.936908
779.231059	-3.008300	3.795800	-11.418000	23.409962	0.000132	20.935485
780.211117	-3.010300	3.796100	-11.425000	23.427150	0.000131	20.932799
781.228697	-3.023000	3.794800	-11.471000	23.425862	0.000128	20.944783
782.212461	-2.997900	3.794900	-11.375000	23.404234	0.000130	20.934959
783.226065	-2.999700	3.795300	-11.384000	23.409148	0.000131	20.925662
784.227473	-2.986800	3.794000	-11.331000	23.420974	0.000131	20.929928
785.231505	-3.000100	3.794900	-11.384000	23.440159	0.000129	20.945837
786.214734	-3.003700	3.794400	-11.396000	23.473588	0.000129	20.943309
787.211427	-3.007300	3.792400	-11.404000	23.459344	0.000128	20.921447
788.230760	-3.004300	3.792700	-11.393000	23.438242	0.000131	20.940122
789.229145	-3.030200	3.791500	-11.488000	23.453116	0.000129	20.941755
790.233480	-3.004600	3.792400	-11.394000	23.454430	0.000128	20.932642
791.233933	-3.007400	3.792200	-11.404000	23.447650	0.000128	20.950499
792.236093	-2.993800	3.792900	-11.354000	23.448123	0.000128	20.941018
793.232675	-3.023900	3.790000	-11.459000	23.426731	0.000128	20.939016
794.236693	-2.992200	3.791800	-11.345000	23.429727	0.000130	20.960508
795.231746	-3.006200	3.791100	-11.396000	23.439608	0.000128	20.942439
796.241570	-2.983800	3.790800	-11.310000	23.436692	0.000128	20.952791
797.218562	-2.998000	3.790300	-11.362000	23.437663	0.000130	20.920579
798.220856	-2.994500	3.789800	-11.348000	23.394169	0.000129	20.964696
799.225061	-2.993800	3.789700	-11.344000	23.451855	0.000132	20.949499
800.217957	-2.993700	3.789800	-11.345000	23.450410	0.000129	20.951369
801.223034	-2.999000	3.788500	-11.361000	23.421633	0.000128	20.960930
802.222060	-2.995400	3.788300	-11.346000	23.420529	0.000129	20.952712
803.220741	-2.988900	3.788000	-11.321000	23.410042	0.000126	20.956900
804.238805	-2.991600	3.789000	-11.334000	23.413563	0.000127	20.936724
805.221134	-2.993500	3.787400	-11.337000	23.433274	0.000128	20.960271
806.241351	-2.997200	3.786600	-11.349000	23.453248	0.000129	20.945679
807.221863	-2.970800	3.787000	-11.249000	23.463523	0.000129	20.932747
808.234931	-2.988500	3.787700	-11.318000	23.450042	0.000129	20.939622
809.245008	-3.015300	3.787100	-11.419000	23.447624	0.000125	20.966592
810.237071	-2.995500	3.786700	-11.342000	23.447939	0.000128	20.947470
811.223125	-3.014300	3.785900	-11.411000	23.453537	0.000127	20.955925
812.244942	-2.987300	3.787000	-11.312000	23.504441	0.000128	20.954793
813.219873	-3.000400	3.785400	-11.357000	23.493377	0.000128	20.961720
814.223960	-3.003900	3.784000	-11.366000	23.479975	0.000128	20.933590
815.223143	-2.985600	3.785000	-11.300000	23.486334	0.000126	20.971728
816.221736	-2.971800	3.783700	-11.243000	23.488857	0.000127	20.951500
817.222424	-2.989200	3.783700	-11.309000	23.507858	0.000127	20.961062
818.223573	-2.990700	3.783500	-11.315000	23.510170	0.000127	20.957690
819.225089	-3.012700	3.783000	-11.396000	23.515294	0.000126	20.951448
820.243957	-3.005800	3.784300	-11.375000	23.524675	0.000127	20.970332
821.247096	-3.002700	3.782900	-11.358000	23.484469	0.000128	20.986925
822.249022	-3.008900	3.781200	-11.377000	23.492326	0.000128	20.960666
823.244911	-3.009700	3.781700	-11.381000	23.500000	0.000127	20.960772
824.242789	-2.999000	3.781500	-11.340000	23.521075	0.000127	20.969094
825.249639	-3.012400	3.781100	-11.390000	23.512509	0.000127	20.957190
826.241212	-3.014500	3.781100	-11.396000	23.518264	0.000127	20.968647
827.250507	-2.994700	3.780700	-11.321000	23.509303	0.000128	20.981474
828.228263	-3.001900	3.780200	-11.347000	23.473116	0.000127	20.951369
829.243909	-3.018300	3.778800	-11.405000	23.473247	0.000127	20.971413
830.247622	-2.994800	3.780400	-11.321000	23.509408	0.000126	20.979209
831.231019	-2.991700	3.778800	-11.304000	23.477846	0.000128	20.984081
832.249535	-2.992500	3.778100	-11.304000	23.444366	0.000126	20.976127
833.252835	-2.994700	3.778100	-11.314000	23.421081	0.000125	20.993089
834.245197	-2.993400	3.778500	-11.310000	23.461448	0.000126	20.984713
835.250695	-2.991000	3.777600	-11.297000	23.473064	0.000127	20.983555
836.248391	-2.998000	3.778600	-11.328000	23.473038	0.000124	20.952713
837.247873	-3.002500	3.777300	-11.340000	23.457901	0.000126	20.996803
838.252393	-2.996000	3.778700	-11.320000	23.480369	0.000127	20.973809
839.235133	-3.024100	3.777200	-11.421000	23.496978	0.000126	20.985240
840.237210	-2.986500	3.776300	-11.277000	23.509382	0.000124	20.975390
841.241673	-2.990100	3.777200	-11.294000	23.513586	0.000125	20.998567
842.238461	-3.003100	3.776100	-11.339000	23.504126	0.000125	20.968226
843.238492	-2.992700	3.775800	-11.298000	23.495375	0.000126	21.002596
844.236931	-2.984200	3.776100	-11.268000	23.469884	0.000124	20.983212
845.236322	-2.990200	3.775400	-11.288000	23.477925	0.000126	21.004071
846.236465	-3.001400	3.775000	-11.329000	23.506780	0.000123	20.978945
847.240817	-3.010600	3.773900	-11.361000	23.493956	0.000128	21.000700
848.236733	-2.995500	3.774300	-11.305000	23.459844	0.000124	20.984528
849.235651	-2.999700	3.774000	-11.319000	23.496058	0.000127	21.010866
850.239397	-2.965800	3.774700	-11.193000	23.512298	0.000125	20.988268
851.237163	-3.021400	3.771900	-11.396000	23.506543	0.000124	20.994352
852.239561	-3.012000	3.771800	-11.360000	23.536790	0.000123	21.011392
853.237398	-3.012100	3.772900	-11.363000	23.492064	0.000124	21.001174
854.237128	-3.002100	3.772600	-11.324000	23.493088	0.000127	20.996986
855.241947	-3.006800	3.771300	-11.339000	23.493535	0.000123	21.003122
856.239122	-3.007400	3.771200	-11.341000	23.519052	0.000124	20.986029
857.245512	-3.016100	3.771600	-11.375000	23.558023	0.000125	20.998066
858.257999	-3.003800	3.771600	-11.328000	23.542229	0.000125	21.013525
859.237891	-2.994800	3.770800	-11.292000	23.562253	0.000126	21.002306
860.240513	-2.993800	3.771600	-11.291000	23.577283	0.000122	20.993193
861.259246	-3.022500	3.769300	-11.391000	23.558548	0.000124	21.002859
862.256966	-3.022200	3.770400	-11.394000	23.566773	0.000122	21.012525
863.240827	-2.984800	3.769400	-11.250000	23.543780	0.000121	21.013183
864.237875	-3.005300	3.768800	-11.326000	23.549298	0.000123	20.995484
865.238845	-3.008300	3.769600	-11.339000	23.547957	0.000124	21.013578
866.241489	-2.999900	3.768000	-11.303000	23.511956	0.000124	21.012103
867.241636	-3.013900	3.767000	-11.352000	23.540520	0.000124	21.006598
868.245553	-3.005000	3.769100	-11.325000	23.551689	0.000124	21.014948
869.240186	-2.996800	3.767600	-11.290000	23.560282	0.000124	20.994642
870.259693	-2.991400	3.767800	-11.270000	23.607713	0.000123	21.016581
871.242705	-2.990400	3.767700	-11.266000	23.603824	0.000123	21.034964
872.240945	-3.005700	3.766600	-11.319000	23.588819	0.000122	20.996222
873.256557	-3.008900	3.766000	-11.331000	23.622401	0.000122	21.000014
874.255508	-2.992000	3.766700	-11.268000	23.633384	0.000123	21.010549
875.260390	-2.995000	3.765500	-11.277000	23.594179	0.000125	21.050422
876.242803	-2.994500	3.765300	-11.274000	23.567377	0.000122	21.010760
877.243788	-3.024400	3.764300	-11.384000	23.576495	0.000122	21.033172
878.265885	-3.008000	3.764600	-11.323000	23.570846	0.000122	21.043154
879.260971	-3.000000	3.764900	-11.294000	23.583274	0.000123	21.032382
880.261601	-3.000400	3.764100	-11.293000	23.585219	0.000124	21.028169
881.266266	-2.987600	3.764000	-11.244000	23.595940	0.000123	21.050291
882.264847	-2.975000	3.765700	-11.201000	23.596992	0.000123	21.003939
883.264233	-3.021500	3.763600	-11.371000	23.592497	0.000120	21.016501
884.262437	-3.014800	3.762100	-11.341000	23.622611	0.000120	21.024876
885.260710	-3.016300	3.763600	-11.352000	23.628470	0.000120	21.033119
886.263474	-2.995300	3.763000	-11.271000	23.631702	0.000122	21.043944
887.248631	-2.998400	3.763300	-11.283000	23.628523	0.000121	21.063038
888.261792	-2.975500	3.762800	-11.196000	23.604690	0.000122	21.046261
889.266574	-3.014800	3.760800	-11.337000	23.594547	0.000121	21.045102
890.272801	-2.988200	3.762300	-11.242000	23.579071	0.000123	21.051397
891.263225	-3.007100	3.760800	-11.307000	23.585614	0.000121	21.028564
892.249210	-2.982300	3.762900	-11.221000	23.575707	0.000120	21.027167
893.252977	-2.992500	3.762400	-11.259000	23.571607	0.000122	21.040599
894.271135	-3.003000	3.760500	-11.291000	23.594258	0.000121	21.051450
895.271274	-2.992200	3.761400	-11.253000	23.592866	0.000120	21.041995
896.270766	-2.994800	3.760900	-11.262000	23.615963	0.000122	21.046183
897.271517	-2.996700	3.760500	-11.268000	23.635328	0.000121	21.046630
898.267518	-3.012600	3.759200	-11.324000	23.666439	0.000121	21.084448
899.272626	-3.009000	3.758500	-11.308000	23.619379	0.000120	21.033962
900.272618	-2.998400	3.759100	-11.271000	23.638561	0.000121	21.083527
901.271057	-3.007100	3.758300	-11.301000	23.628785	0.000121	21.059982
902.251800	-3.010200	3.757400	-11.309000	23.632517	0.000121	21.051397
903.274378	-3.020100	3.757900	-11.348000	23.618485	0.000121	21.073361
904.271989	-2.972200	3.758000	-11.169000	23.619957	0.000122	21.064407
905.274483	-2.984100	3.757100	-11.211000	23.620640	0.000120	21.054663
906.269061	-3.030900	3.756100	-11.384000	23.645707	0.000118	21.052766
907.273733	-3.004300	3.757600	-11.288000	23.648440	0.000121	21.068304
908.271292	-2.992300	3.757400	-11.242000	23.668804	0.000121	21.072124
909.275927	-3.014300	3.756000	-11.321000	23.660342	0.000121	21.065065
910.259793	-2.991400	3.756800	-11.237000	23.674033	0.000119	21.058877
911.256630	-2.980800	3.756300	-11.196000	23.649438	0.000118	21.065513
912.255632	-2.987800	3.756400	-11.222000	23.664599	0.000123	21.071228
913.255533	-2.995900	3.754900	-11.249000	23.660710	0.000121	21.083921
914.260814	-3.015700	3.754100	-11.320000	23.660132	0.000120	21.078601
915.255537	-2.999800	3.753800	-11.259000	23.671220	0.000120	21.086870
916.258945	-3.002500	3.754500	-11.272000	23.657899	0.000121	21.062141
917.257937	-3.010000	3.753900	-11.298000	23.635065	0.000118	21.067698
918.258528	-2.976100	3.753200	-11.169000	23.628969	0.000121	21.078180
919.257937	-3.024000	3.752700	-11.347000	23.597831	0.000120	21.083473
920.261780	-3.008400	3.753200	-11.290000	23.594074	0.000119	21.062168
921.258207	-2.991900	3.752400	-11.227000	23.641161	0.000119	21.073334
922.263947	-3.025400	3.752900	-11.353000	23.611416	0.000120	21.092348
923.263522	-3.003600	3.751700	-11.268000	23.618012	0.000119	21.084263
924.264483	-2.982600	3.753200	-11.194000	23.628890	0.000118	21.086634
925.268446	-3.007700	3.752100	-11.284000	23.624528	0.000120	21.108334
926.289017	-3.001800	3.752100	-11.262000	23.627839	0.000119	21.077047
927.286839	-2.988800	3.752300	-11.214000	23.620324	0.000117	21.061456
928.281915	-3.021700	3.750000	-11.330000	23.636826	0.000118	21.082262
929.287013	-2.988500	3.751700	-11.210000	23.655218	0.000118	21.080787
930.285689	-3.021600	3.749900	-11.329000	23.634224	0.000120	21.112836
931.268475	-2.990800	3.750400	-11.216000	23.623818	0.000117	21.095771
932.285316	-2.994400	3.750000	-11.228000	23.618983	0.000118	21.102302
933.283675	-2.984200	3.751200	-11.194000	23.643131	0.000118	21.087633
934.266878	-2.999700	3.749800	-11.247000	23.643446	0.000119	21.089371
935.286610	-3.003700	3.748900	-11.260000	23.639295	0.000117	21.115549
936.283448	-2.991700	3.751100	-11.221000	23.638349	0.000118	21.114127
937.287349	-2.984900	3.749400	-11.191000	23.641003	0.000118	21.097351
938.292175	-2.995600	3.748700	-11.229000	23.694341	0.000120	21.099142
939.273263	-3.000200	3.747800	-11.244000	23.701383	0.000117	21.086291
940.272744	-3.016900	3.747400	-11.305000	23.674346	0.000118	21.107543
941.272573	-2.998200	3.747000	-11.233000	23.679443	0.000117	21.117392
942.273573	-3.016000	3.745900	-11.297000	23.666122	0.000119	21.114943
943.276475	-3.004300	3.747200	-11.256000	23.654849	0.000115	21.107910
944.270645	-3.017500	3.745000	-11.299000	23.649726	0.000121	21.108464
945.273005	-2.996900	3.746300	-11.226000	23.661655	0.000119	21.116628
946.275154	-3.010100	3.746000	-11.276000	23.667173	0.000117	21.094665
947.275840	-3.016700	3.746500	-11.301000	23.654482	0.000119	21.118445
948.275448	-2.996200	3.746600	-11.224000	23.660473	0.000118	21.131086
949.281508	-3.001900	3.745600	-11.243000	23.657030	0.000117	21.120525
950.276696	-3.010300	3.744300	-11.271000	23.666621	0.000118	21.115917
951.275633	-3.000100	3.744900	-11.234000	23.682202	0.000118	21.114942
952.277427	-3.013100	3.744800	-11.283000	23.705298	0.000117	21.109175
953.274107	-2.994400	3.745500	-11.214000	23.699832	0.000118	21.116970
954.282851	-2.987000	3.746100	-11.188000	23.699832	0.000115	21.122184
955.276694	-2.978600	3.744600	-11.153000	23.689138	0.000117	21.124738
956.277452	-2.992200	3.744300	-11.203000	23.672742	0.000117	21.141013
957.278457	-2.986900	3.744200	-11.182000	23.665070	0.000118	21.131427
958.278740	-2.999300	3.743000	-11.225000	23.660971	0.000118	21.134903
959.279428	-3.012000	3.742700	-11.272000	23.668327	0.000116	21.117627
960.279185	-3.003300	3.743400	-11.240000	23.662206	0.000116	21.114336
961.279835	-3.014400	3.742600	-11.281000	23.672611	0.000116	21.148465
962.279721	-2.990100	3.742800	-11.191000	23.683672	0.000117	21.121630
963.293409	-3.002400	3.742300	-11.235000	23.713231	0.000118	21.133244
964.295209	-2.989800	3.741100	-11.185000	23.704245	0.000117	21.129925
965.300462	-2.993300	3.741300	-11.199000	23.706295	0.000117	21.123922
966.297852	-3.007000	3.741600	-11.251000	23.665936	0.000117	21.128503
967.306679	-3.001400	3.740900	-11.227000	23.679179	0.000117	21.135614
968.300295	-3.007000	3.740400	-11.247000	23.693210	0.000117	21.141618
969.296381	-2.981700	3.741300	-11.154000	23.721271	0.000115	21.141776
970.279710	-2.970600	3.740700	-11.111000	23.716016	0.000117	21.148359
971.293344	-2.991300	3.740900	-11.189000	23.721428	0.000117	21.135772
972.296653	-2.999400	3.740000	-11.217000	23.721350	0.000118	21.126686
973.280458	-3.000100	3.740800	-11.222000	23.711681	0.000117	21.120788
974.294658	-3.019300	3.739200	-11.289000	23.732805	0.000114	21.120630
975.281163	-3.010100	3.738400	-11.252000	23.744917	0.000116	21.128030
976.285406	-3.007200	3.738000	-11.240000	23.767591	0.000116	21.120419
977.283380	-2.991100	3.738000	-11.180000	23.765017	0.000114	21.112150
978.281809	-2.988800	3.739100	-11.174000	23.777207	0.000115	21.125317
979.286367	-3.019100	3.737900	-11.284000	23.769325	0.000115	21.116943
980.279449	-2.999200	3.737600	-11.209000	23.765357	0.000115	21.106330
981.284859	-2.997000	3.737300	-11.200000	23.749305	0.000114	21.109674
982.279686	-2.974900	3.737600	-11.118000	23.764070	0.000117	21.121630
983.282700	-3.007500	3.736700	-11.238000	23.758106	0.000115	21.112334
984.284786	-3.014000	3.735600	-11.259000	23.733094	0.000115	21.118549
985.297565	-3.024500	3.735300	-11.297000	23.743052	0.000115	21.127582
986.284719	-3.013100	3.736200	-11.257000	23.729495	0.000114	21.101194
987.285635	-2.985200	3.736800	-11.155000	23.718696	0.000115	21.095111
988.286506	-3.002400	3.736000	-11.216000	23.727734	0.000115	21.107962
989.287357	-2.997800	3.735000	-11.196000	23.696757	0.000114	21.115310
990.302956	-3.011900	3.735700	-11.251000	23.704665	0.000115	21.088632
991.289732	-3.005100	3.735100	-11.224000	23.732752	0.000115	21.111570
992.291801	-3.027600	3.733500	-11.303000	23.752378	0.000115	21.121762
993.288811	-3.015200	3.734900	-11.260000	23.770165	0.000115	21.103564
994.287190	-3.004900	3.733900	-11.219000	23.742867	0.000115	21.092793
995.286431	-2.997200	3.734500	-11.192000	23.718380	0.000115	21.112333
996.286754	-2.999000	3.733800	-11.197000	23.748647	0.000115	21.114703
997.290400	-3.001500	3.734400	-11.208000	23.748883	0.000113	21.102616
998.289021	-2.985000	3.734400	-11.147000	23.800115	0.000116	21.108936
999.289326	-2.983800	3.733100	-11.138000	23.791892	0.000113	21.094057
1000.290764	-3.006300	3.733500	-11.223000	23.772529	0.000112	21.079862
1001.292161	-2.998900	3.733400	-11.195000	23.761994	0.000114	21.097269
1002.293058	-3.000400	3.732000	-11.197000	23.754479	0.000114	21.099217
1003.311261	-3.018800	3.731300	-11.263000	23.757553	0.000112	21.087604
1004.312029	-2.982400	3.733200	-11.133000	23.764594	0.000112	21.071434
1005.306678	-2.992500	3.731400	-11.165000	23.800140	0.000115	21.102325
1006.311305	-2.999000	3.731500	-11.190000	23.796331	0.000114	21.077175
1007.317485	-3.019700	3.730400	-11.264000	23.801427	0.000116	21.069958
1008.309592	-3.007800	3.730700	-11.220000	23.800061	0.000112	21.080914
1009.312336	-3.008100	3.731100	-11.222000	23.792757	0.000112	21.087814
1010.317608	-3.006600	3.730700	-11.215000	23.797828	0.000112	21.089578
1011.308962	-2.996400	3.729600	-11.174000	23.832454	0.000112	21.107697
1012.312485	-2.971700	3.730000	-11.083000	23.839179	0.000111	21.070827
1013.317069	-3.021800	3.729400	-11.269000	23.830273	0.000115	21.057632
1014.291669	-2.985700	3.731000	-11.139000	23.840571	0.000112	21.082652
1015.312322	-3.011200	3.729300	-11.229000	23.804816	0.000110	21.084258
1016.317838	-3.000300	3.728800	-11.186000	23.772579	0.000114	21.075646
1017.295685	-3.021900	3.728500	-11.267000	23.762438	0.000110	21.074488
1018.295769	-2.999500	3.729100	-11.185000	23.759469	0.000111	21.079570
1019.314969	-3.005300	3.728500	-11.205000	23.748566	0.000111	21.068640
1020.308417	-3.004900	3.729500	-11.206000	23.779016	0.000111	21.056974
1021.316721	-2.991200	3.727300	-11.148000	23.785453	0.000112	21.098979
1022.310438	-2.986900	3.728400	-11.136000	23.774313	0.000111	21.068851
1023.294095	-3.011300	3.728000	-11.225000	23.780671	0.000113	21.064795
1024.296330	-3.005300	3.727700	-11.201000	23.789577	0.000109	21.084626
1025.295909	-2.978200	3.727000	-11.099000	23.793150	0.000109	21.077305
1026.295712	-2.976100	3.727100	-11.091000	23.806049	0.000108	21.088813
1027.297605	-3.011900	3.726200	-11.222000	23.805050	0.000110	21.064583
1028.297695	-2.997400	3.726400	-11.169000	23.793517	0.000110	21.079568
1029.297198	-2.982300	3.727500	-11.116000	23.801687	0.000111	21.070219
1030.298880	-2.989600	3.727000	-11.142000	23.798534	0.000110	21.055207
1031.296825	-2.998300	3.725700	-11.169000	23.765458	0.000110	21.064715
1032.295645	-3.006700	3.725700	-11.201000	23.781510	0.000109	21.068481
1033.298844	-3.004400	3.724000	-11.187000	23.803289	0.000110	21.080358
1034.301627	-3.000900	3.725400	-11.178000	23.775387	0.000110	21.060447
1035.311550	-3.000600	3.723600	-11.172000	23.778173	0.000111	21.046647
1036.321367	-2.994200	3.725100	-11.152000	23.789732	0.000109	21.072930
1037.316833	-2.988100	3.725800	-11.132000	23.770028	0.000108	21.052230
1038.318951	-3.010300	3.724500	-11.211000	23.784293	0.000110	21.055153
1039.317307	-2.989000	3.723400	-11.128000	23.770263	0.000108	21.060999
1040.313452	-2.973800	3.723900	-11.073000	23.752372	0.000109	21.042116
1041.297462	-2.994800	3.723700	-11.152000	23.784976	0.000108	21.067689
1042.317466	-2.998700	3.724300	-11.167000	23.800765	0.000110	21.076405
1043.300963	-3.005000	3.722600	-11.185000	23.803261	0.000111	21.053782
1044.303331	-3.017400	3.722700	-11.232000	23.795116	0.000111	21.063632
1045.301167	-2.991800	3.723200	-11.138000	23.802341	0.000109	21.050964
1046.300669	-3.003800	3.722800	-11.182000	23.801238	0.000110	21.046066
1047.302942	-3.006900	3.721500	-11.190000	23.807385	0.000110	21.059813
1048.304003	-3.006700	3.721300	-11.188000	23.790965	0.000108	21.062789
1049.301114	-2.992200	3.720500	-11.131000	23.771970	0.000108	21.070769
1050.302556	-3.022200	3.720000	-11.241000	23.791990	0.000109	21.033477
1051.304698	-3.007400	3.720200	-11.187000	23.787155	0.000110	21.049489
1052.305943	-3.008300	3.720600	-11.191000	23.823963	0.000108	21.063158
1053.305768	-3.016100	3.720200	-11.219000	23.827614	0.000109	21.040745
1054.305827	-3.003300	3.720700	-11.173000	23.790071	0.000108	21.055257
1055.310441	-2.997300	3.719800	-11.148000	23.805808	0.000107	21.063447
1056.303338	-3.021100	3.719600	-11.236000	23.842431	0.000108	21.052280
1057.306693	-2.991900	3.719900	-11.128000	23.853832	0.000109	21.057073
1058.307127	-2.992400	3.720000	-11.131000	23.884858	0.000109	21.045038
1059.305534	-2.986100	3.719000	-11.105000	23.872800	0.000106	21.043853
1060.309194	-2.983000	3.719700	-11.095000	23.883203	0.000108	21.050016
1061.305595	-2.997800	3.718300	-11.146000	23.863579	0.000106	21.077273
1062.306736	-2.985600	3.718400	-11.100000	23.857405	0.000107	21.063025
1063.306814	-3.005500	3.718400	-11.175000	23.854830	0.000107	21.041482
1064.305710	-3.007600	3.717200	-11.179000	23.831186	0.000105	21.061866
1065.307414	-3.000500	3.717900	-11.155000	23.836888	0.000106	21.073744
1066.307199	-3.011400	3.717100	-11.193000	23.835154	0.000107	21.044512
1067.306905	-2.998100	3.717700	-11.145000	23.868045	0.000106	21.040982
1068.324453	-2.987000	3.718100	-11.105000	23.864367	0.000107	21.061946
1069.324980	-2.996900	3.715600	-11.134000	23.841143	0.000106	21.050042
1070.325099	-2.994600	3.718100	-11.133000	23.809565	0.000106	21.031659
1071.328569	-2.976300	3.715700	-11.059000	23.830582	0.000107	21.015752
1072.328467	-3.001300	3.717700	-11.157000	23.825853	0.000108	21.054624
1073.308993	-2.995100	3.716500	-11.130000	23.816317	0.000108	21.036531
1074.329161	-2.995400	3.715600	-11.128000	23.850732	0.000105	21.038322
1075.328770	-3.001700	3.714000	-11.148000	23.863920	0.000106	21.052017
1076.336989	-3.013800	3.715600	-11.197000	23.838647	0.000106	21.039006
1077.327199	-2.990100	3.716600	-11.112000	23.833971	0.000108	21.026734
1078.327996	-2.998400	3.714000	-11.135000	23.799345	0.000107	21.024732
1079.333464	-2.994200	3.714600	-11.122000	23.806228	0.000105	21.032580
1080.330271	-2.996600	3.714900	-11.131000	23.794826	0.000108	21.041535
1081.331679	-2.998000	3.714100	-11.134000	23.794668	0.000106	21.043746
1082.336153	-2.990300	3.714100	-11.106000	23.818129	0.000107	21.058732
1083.335628	-3.010100	3.713100	-11.177000	23.836414	0.000106	21.021598
1084.315959	-3.004700	3.713400	-11.157000	23.846108	0.000104	21.044590
1085.333873	-3.022000	3.712600	-11.219000	23.840354	0.000106	21.035977
1086.329605	-3.017000	3.712600	-11.200000	23.826456	0.000106	21.031526
1087.329396	-3.003600	3.712000	-11.148000	23.829005	0.000106	21.041192
1088.338694	-2.999900	3.712000	-11.134000	23.832184	0.000104	21.043905
1089.317541	-2.985900	3.711500	-11.082000	23.840591	0.000106	21.044273
1090.338421	-2.988400	3.712600	-11.094000	23.836282	0.000106	21.023362
1091.337077	-3.022400	3.712000	-11.218000	23.833576	0.000103	21.037242
1092.336836	-2.991500	3.712200	-11.104000	23.842403	0.000105	21.034239
1093.337505	-3.001500	3.710500	-11.136000	23.872694	0.000104	21.048487
1094.335020	-2.999200	3.711100	-11.130000	23.819915	0.000104	21.012169
1095.333140	-2.966800	3.711600	-11.011000	23.795062	0.000106	21.024705
1096.338363	-3.008200	3.711600	-11.164000	23.790649	0.000105	21.029762
1097.316565	-2.985900	3.711700	-11.082000	23.806963	0.000104	21.027155
1098.337790	-3.003900	3.710700	-11.146000	23.770498	0.000105	21.029947
1099.337097	-3.001000	3.710200	-11.134000	23.804363	0.000103	21.020281
1100.346054	-3.033100	3.709200	-11.250000	23.820599	0.000102	21.029921
1101.340546	-2.987600	3.709600	-11.082000	23.852939	0.000103	21.032002
1102.317122	-2.992000	3.708500	-11.095000	23.848946	0.000104	21.024206
1103.351567	-3.000800	3.709800	-11.131000	23.853884	0.000104	21.031527
1104.338250	-2.993700	3.707900	-11.100000	23.850417	0.000107	21.040376
1105.319001	-3.017000	3.707600	-11.185000	23.845084	0.000106	21.052096
1106.326720	-2.998200	3.708700	-11.119000	23.834549	0.000103	21.048646
1107.320234	-3.003600	3.707200	-11.134000	23.890558	0.000105	21.026576
1108.323548	-3.030900	3.707300	-11.236000	23.893054	0.000104	21.034767
1109.323316	-2.989200	3.707100	-11.080000	23.883991	0.000105	21.028525
1110.324168	-2.993800	3.708000	-11.100000	23.897756	0.000104	21.038533
1111.325356	-2.995700	3.706500	-11.103000	23.891583	0.000104	21.025234
1112.327007	-3.007400	3.706900	-11.147000	23.902406	0.000104	21.019492
1113.339322	-3.012500	3.706000	-11.163000	23.883098	0.000102	21.029053
1114.342511	-3.004000	3.706200	-11.133000	23.897074	0.000104	21.041641
1115.343324	-3.000100	3.705600	-11.116000	23.924420	0.000101	21.028289
1116.341070	-2.993000	3.705100	-11.089000	23.880314	0.000104	21.031476
1117.338967	-3.007500	3.703800	-11.139000	23.896050	0.000104	21.021179
1118.342346	-3.001600	3.706000	-11.122000	23.873773	0.000102	21.028237
1119.346152	-2.998400	3.706000	-11.111000	23.880104	0.000105	21.023680
1120.342262	-2.992700	3.705100	-11.087000	23.898703	0.000105	21.019572
1121.351870	-2.981100	3.705200	-11.044000	23.867232	0.000100	21.023575
1122.328286	-2.978500	3.705600	-11.036000	23.870200	0.000101	21.027973
1123.328021	-2.995200	3.703900	-11.093000	23.886303	0.000103	21.020888
1124.327626	-2.997800	3.702700	-11.099000	23.865813	0.000103	21.006983
1125.327933	-3.009900	3.702700	-11.144000	23.888826	0.000101	21.039536
1126.329714	-2.974800	3.703900	-11.017000	23.893108	0.000100	21.015385
1127.347703	-3.008300	3.703500	-11.140000	23.872276	0.000102	21.012040
1128.328734	-2.986400	3.702500	-11.056000	23.871409	0.000102	21.024445
1129.344742	-3.001800	3.702900	-11.115000	23.872933	0.000100	21.008432
1130.334000	-3.003900	3.703700	-11.125000	23.849736	0.000101	21.014568
1131.326518	-2.996500	3.701900	-11.091000	23.860271	0.000101	21.014701
1132.332125	-2.986800	3.702800	-11.059000	23.866208	0.000103	21.008801
1133.330113	-3.011700	3.701100	-11.146000	23.841960	0.000102	21.014358
1134.329819	-2.969900	3.701300	-10.992000	23.868782	0.000101	21.025130
1135.332261	-3.001900	3.701600	-11.111000	23.865288	0.000100	21.023523
1136.329840	-3.002700	3.700600	-11.110000	23.834972	0.000102	21.027737
1137.333941	-2.995100	3.701300	-11.084000	23.872250	0.000101	21.004429
1138.330992	-3.005000	3.700200	-11.118000	23.893870	9.981582E-5	21.008564
1139.333978	-2.975100	3.700600	-11.008000	23.875849	0.000102	21.020837
1140.337912	-3.000600	3.699100	-11.099000	23.875298	9.902376E-5	21.026921
1141.347035	-3.001900	3.699400	-11.104000	23.860428	9.951880E-5	21.006325
1142.355987	-3.007300	3.698300	-11.121000	23.868572	0.000101	21.002638
1143.333952	-2.992800	3.698200	-11.068000	23.863529	9.958480E-5	21.009907
1144.334991	-2.999200	3.698100	-11.090000	23.893161	9.984882E-5	21.008801
1145.332997	-3.001800	3.698300	-11.101000	23.875429	0.000100	20.997661
1146.333484	-2.994800	3.698000	-11.074000	23.903196	0.000103	21.010802
1147.335549	-3.008000	3.697500	-11.122000	23.878109	9.991483E-5	20.996554
1148.335713	-2.993100	3.698300	-11.068000	23.861769	9.951880E-5	21.000558
1149.357581	-2.991000	3.698800	-11.062000	23.886804	9.971681E-5	20.996739
1150.361514	-2.996300	3.698700	-11.082000	23.881472	9.862773E-5	20.988548
1151.354402	-3.003300	3.696900	-11.103000	23.918091	9.978282E-5	21.000137
1152.338814	-2.992900	3.697500	-11.066000	23.902461	9.885875E-5	21.005325
1153.339653	-2.997900	3.697300	-11.083000	23.916068	9.862773E-5	21.023234
1154.336774	-2.991600	3.695900	-11.056000	23.889510	9.908977E-5	21.003244
1155.334802	-2.999900	3.695700	-11.086000	23.908319	9.846272E-5	21.004561
1156.349035	-2.999800	3.697000	-11.090000	23.910972	9.988182E-5	21.005799
1157.337483	-2.987000	3.696200	-11.040000	23.912653	9.981582E-5	20.998477
1158.353397	-2.994300	3.695300	-11.064000	23.901726	0.000101	20.982780
1159.351354	-3.015500	3.694900	-11.141000	23.897732	0.000100	20.992051
1160.359403	-3.001200	3.694900	-11.089000	23.888301	0.000101	20.989232
1161.353796	-2.998900	3.695900	-11.082000	23.911603	9.704362E-5	20.984150
1162.357446	-2.991300	3.694800	-11.051000	23.932014	9.869374E-5	20.979488
1163.357956	-2.983500	3.695800	-11.025000	23.936427	9.935378E-5	20.989602
1164.358344	-2.995300	3.694300	-11.065000	23.937898	9.773667E-5	20.998662
1165.355240	-2.984600	3.693500	-11.023000	23.917907	9.915577E-5	20.983834
1166.358154	-2.997000	3.694200	-11.071000	23.925683	0.000100	20.990207
1167.359132	-3.003100	3.692500	-11.088000	23.940604	9.833071E-5	20.971034
1168.362053	-2.997700	3.693900	-11.073000	23.973702	9.866073E-5	20.972930
1169.354904	-3.001000	3.693800	-11.085000	23.961015	9.737364E-5	20.979646
1170.358850	-3.003600	3.692800	-11.091000	23.970866	9.575652E-5	20.989049
1171.344057	-2.997600	3.692400	-11.067000	23.974149	9.710962E-5	20.980015
1172.340891	-2.998000	3.691500	-11.066000	23.959570	9.833071E-5	20.981516
1173.343744	0.000000	0.000000	0.000000	23.945753	9.740664E-5	20.977144
